#Type=Line
#Heading=Link_2_Throughput
#XLabel=Time (ms)
#Num_Y=1
#YLabel=Throughput (Mbps)
0,0,
1000.010600,0.000560,
1000.042400,0.001120,
1000.052680,0.001648,
1000.118920,0.008175,
1000.209760,0.008702,
1000.449600,0.020903,
1000.459880,0.021430,
1000.572640,0.033629,
1000.582920,0.034156,
1000.695680,0.046352,
1000.705960,0.046879,
1000.818720,0.059072,
1000.829000,0.059599,
1000.941760,0.071788,
1000.952040,0.072315,
1001.064800,0.084502,
1001.075080,0.085029,
1001.187840,0.097213,
1001.198120,0.097739,
1001.310880,0.109920,
1001.321160,0.110446,
1001.433920,0.122624,
1001.444200,0.123150,
1001.556960,0.135325,
1001.567240,0.135851,
1001.680000,0.148023,
1001.690280,0.148549,
1001.803040,0.160718,
1001.813320,0.161244,
1001.926080,0.173410,
1001.936360,0.173935,
1002.013920,0.182592,
1002.020160,0.183118,
1002.024200,0.183644,
1002.030440,0.184170,
1002.036680,0.184696,
1002.067520,0.185217,
2000.199800,0.093071,
2000.231600,0.093349,
2000.241880,0.093613,
2000.308120,0.096873,
2000.398960,0.097133,
2000.638800,0.103223,
2000.649080,0.103486,
2000.761840,0.109582,
2000.772120,0.109846,
2000.884880,0.115941,
2000.895160,0.116204,
2001.007920,0.122298,
2001.018200,0.122562,
2001.130960,0.128655,
2001.141240,0.128918,
2001.254000,0.135011,
2001.264280,0.135274,
2001.377040,0.141367,
2001.387320,0.141630,
2001.500080,0.147721,
2001.510360,0.147984,
2001.623120,0.154075,
2001.633400,0.154338,
2001.746160,0.160428,
2001.756440,0.160691,
2001.869200,0.166780,
2001.879480,0.167043,
2001.992240,0.173132,
2002.002520,0.173394,
2002.115280,0.179482,
2002.125560,0.179745,
2002.203120,0.184077,
2002.209360,0.184340,
2002.213400,0.184604,
2002.219640,0.184867,
2002.225880,0.185130,
2002.256720,0.185391,
3000.389000,0.123904,
3000.420800,0.124089,
3000.431080,0.124265,
3000.497320,0.126438,
3000.588160,0.126610,
3000.828000,0.130668,
3000.838280,0.130843,
3000.951040,0.134907,
3000.961320,0.135082,
3001.074080,0.139145,
3001.084360,0.139320,
3001.197120,0.143383,
3001.207400,0.143558,
3001.320160,0.147620,
3001.330440,0.147796,
3001.443200,0.151858,
3001.453480,0.152033,
3001.566240,0.156095,
3001.576520,0.156270,
3001.689280,0.160331,
3001.699560,0.160506,
3001.812320,0.164567,
3001.935360,0.168627,
3001.945640,0.168803,
3002.058400,0.172863,
3002.068680,0.173038,
3002.181440,0.177098,
3002.191720,0.177273,
3002.304480,0.181333,
3002.314760,0.181508,
3002.392320,0.184397,
3002.398560,0.184572,
3002.402600,0.184748,
3002.408840,0.184924,
3002.415080,0.185099,
3002.521600,0.189158,
3002.527840,0.189334,
4000.578200,0.142239,
4000.610000,0.142378,
4000.620280,0.142510,
4000.686520,0.144139,
4000.777360,0.144268,
4001.017200,0.147311,
4001.027480,0.147442,
4001.140240,0.150489,
4001.150520,0.150621,
4001.263280,0.153667,
4001.273560,0.153799,
4001.386320,0.156846,
4001.396600,0.156977,
4001.509360,0.160024,
4001.519640,0.160155,
4001.632400,0.163201,
4001.642680,0.163333,
4001.755440,0.166379,
4001.765720,0.166510,
4001.878480,0.169556,
4001.888760,0.169688,
4002.001520,0.172734,
4002.011800,0.172865,
4002.124560,0.175911,
4002.134840,0.176042,
4002.247600,0.179087,
4002.257880,0.179219,
4002.370640,0.182264,
4002.380920,0.182395,
4002.493680,0.185440,
4002.503960,0.185572,
4002.581520,0.187739,
4002.587760,0.187870,
4002.591800,0.188002,
4002.598040,0.188134,
4002.604280,0.188265,
4002.635120,0.188396,
5000.767400,0.150905,
5000.799200,0.151016,
5000.809480,0.151121,
5000.875720,0.152425,
5000.966560,0.152527,
5001.206400,0.154961,
5001.216680,0.155066,
5001.329440,0.157504,
5001.339720,0.157609,
5001.452480,0.160046,
5001.462760,0.160152,
5001.575520,0.162589,
5001.585800,0.162694,
5001.698560,0.165131,
5001.708840,0.165236,
5001.821600,0.167673,
5001.831880,0.167779,
5001.944640,0.170215,
5001.954920,0.170321,
5002.067680,0.172757,
5002.077960,0.172863,
5002.190720,0.175299,
5002.201000,0.175404,
5002.313760,0.177841,
5002.324040,0.177946,
5002.436800,0.180382,
5002.447080,0.180488,
5002.559840,0.182924,
5002.570120,0.183029,
5002.682880,0.185465,
5002.693160,0.185570,
5002.770720,0.187304,
5002.776960,0.187410,
5002.781000,0.187515,
5002.787240,0.187620,
5002.793480,0.187726,
5002.824320,0.187830,
6000.956600,0.156682,
6000.988400,0.156774,
6000.998680,0.156862,
6001.064920,0.157948,
6001.155760,0.158034,
6001.395600,0.160061,
6001.405880,0.160149,
6001.518640,0.162180,
6001.528920,0.162268,
6001.641680,0.164299,
6001.651960,0.164387,
6001.764720,0.166418,
6001.775000,0.166505,
6001.887760,0.168536,
6001.898040,0.168624,
6002.010800,0.170655,
6002.021080,0.170742,
6002.133840,0.172773,
6002.144120,0.172861,
6002.256880,0.174892,
6002.267160,0.174979,
6002.379920,0.177010,
6002.390200,0.177097,
6002.502960,0.179128,
6002.513240,0.179216,
6002.626000,0.181246,
6002.636280,0.181334,
6002.749040,0.183364,
6002.759320,0.183452,
6002.872080,0.185482,
6002.882360,0.185570,
6002.959920,0.187014,
6002.966160,0.187102,
6002.970200,0.187190,
6002.976440,0.187278,
6002.982680,0.187366,
6003.013520,0.187453,
7001.145800,0.160808,
7001.177600,0.160887,
7001.187880,0.160962,
7001.254120,0.161893,
7001.344960,0.161967,
7001.584800,0.163705,
7001.595080,0.163780,
7001.707840,0.165521,
7001.718120,0.165596,
7001.830880,0.167337,
7001.841160,0.167412,
7001.953920,0.169153,
7001.964200,0.169228,
7002.076960,0.170969,
7002.087240,0.171044,
7002.200000,0.172785,
7002.210280,0.172860,
7002.323040,0.174600,
7002.333320,0.174675,
7002.446080,0.176416,
7002.456360,0.176491,
7002.569120,0.178232,
7002.579400,0.178307,
7002.692160,0.180047,
7002.702440,0.180122,
7002.815200,0.181863,
7002.825480,0.181938,
7002.938240,0.183678,
7002.948520,0.183753,
7003.061280,0.185494,
7003.071560,0.185569,
7003.149120,0.186807,
7003.155360,0.186883,
7003.159400,0.186958,
7003.165640,0.187033,
7003.171880,0.187108,
7003.202720,0.187183,
8001.335000,0.163903,
8001.366800,0.163972,
8001.377080,0.164038,
8001.443320,0.164852,
8001.534160,0.164916,
8001.774000,0.166437,
8001.784280,0.166503,
8001.897040,0.168026,
8001.907320,0.168092,
8002.020080,0.169615,
8002.030360,0.169681,
8002.143120,0.171204,
8002.153400,0.171270,
8002.266160,0.172793,
8002.276440,0.172859,
8002.389200,0.174382,
8002.399480,0.174448,
8002.512240,0.175971,
8002.522520,0.176036,
8002.635280,0.177560,
8002.645560,0.177625,
8002.758320,0.179148,
8002.768600,0.179214,
8002.881360,0.180737,
8002.891640,0.180803,
8003.004400,0.182326,
8003.014680,0.182391,
8003.127440,0.183914,
8003.137720,0.183980,
8003.250480,0.185503,
8003.260760,0.185568,
8003.338320,0.186652,
8003.344560,0.186718,
8003.348600,0.186784,
8003.354840,0.186850,
8003.361080,0.186915,
8003.391920,0.186981,
9001.524200,0.166310,
9001.556000,0.166371,
9001.566280,0.166430,
9001.632520,0.167154,
9001.723360,0.167211,
9001.963200,0.168562,
9001.973480,0.168621,
9002.086240,0.169975,
9002.096520,0.170033,
9002.209280,0.171387,
9002.219560,0.171446,
9002.332320,0.172800,
9002.342600,0.172858,
9002.455360,0.174212,
9002.465640,0.174270,
9002.578400,0.175624,
9002.588680,0.175683,
9002.701440,0.177037,
9002.711720,0.177095,
9002.824480,0.178449,
9002.834760,0.178507,
9002.947520,0.179861,
9002.957800,0.179920,
9003.070560,0.181273,
9003.080840,0.181332,
9003.193600,0.182685,
9003.203880,0.182744,
9003.316640,0.184097,
9003.326920,0.184156,
9003.439680,0.185510,
9003.449960,0.185568,
9003.527520,0.186531,
9003.533760,0.186590,
9003.537800,0.186648,
9003.544040,0.186707,
9003.550280,0.186765,
9003.581120,0.186823,
