#Type=Line
#Heading=Link_1_Throughput
#XLabel=Time (ms)
#Num_Y=1
#YLabel=Throughput (Mbps)
0,0,
0.006000,4.000000,
0.012000,4.000000,
0.018000,4.000000,
0.024000,4.000000,
0.030000,4.000000,
0.036000,4.000000,
0.042000,4.000000,
0.048000,4.000000,
0.054000,4.000000,
0.060000,4.000000,
0.066000,4.000000,
0.072000,4.000000,
0.078000,4.000000,
0.084000,4.000000,
0.090000,4.000000,
0.096000,4.000000,
0.102000,4.000000,
0.108000,4.000000,
0.114000,4.000000,
0.120000,4.000000,
0.126000,4.000000,
0.132000,4.000000,
0.138000,4.000000,
0.144000,4.000000,
0.150000,4.000000,
0.156000,4.000000,
0.162000,4.000000,
0.168000,4.000000,
0.174000,4.000000,
0.180000,4.000000,
0.186000,4.000000,
0.192000,4.000000,
0.198000,4.000000,
0.204000,4.000000,
0.210000,4.000000,
0.216000,4.000000,
0.222000,4.000000,
0.228000,4.000000,
0.234000,4.000000,
0.240000,4.000000,
0.246000,4.000000,
0.252000,4.000000,
0.258000,4.000000,
0.264000,4.000000,
0.270000,4.000000,
0.276000,4.000000,
0.282000,4.000000,
0.288000,4.000000,
0.294000,4.000000,
0.300000,4.000000,
0.306000,4.000000,
0.312000,4.000000,
0.318000,4.000000,
0.324000,4.000000,
0.330000,4.000000,
0.336000,4.000000,
0.342000,4.000000,
0.348000,4.000000,
0.354000,4.000000,
0.360000,4.000000,
0.366000,4.000000,
0.372000,4.000000,
0.378000,4.000000,
0.384000,4.000000,
0.390000,4.000000,
0.396000,4.000000,
0.402000,4.000000,
0.408000,4.000000,
0.414000,4.000000,
0.420000,4.000000,
0.426000,4.000000,
0.432000,4.000000,
0.438000,4.000000,
0.444000,4.000000,
0.450000,4.000000,
0.456000,4.000000,
0.462000,4.000000,
0.468000,4.000000,
0.474000,4.000000,
0.480000,4.000000,
0.486000,4.000000,
0.492000,4.000000,
0.498000,4.000000,
0.504000,4.000000,
0.510000,4.000000,
0.516000,4.000000,
0.522000,4.000000,
0.528000,4.000000,
0.534000,4.000000,
0.540000,4.000000,
0.546000,4.000000,
0.552000,4.000000,
0.558000,4.000000,
0.564000,4.000000,
0.570000,4.000000,
0.576000,4.000000,
0.582000,4.000000,
0.588000,4.000000,
0.594000,4.000000,
0.600000,4.000000,
0.606000,4.000000,
0.612000,4.000000,
0.618000,4.000000,
0.624000,4.000000,
0.630000,4.000000,
0.636000,4.000000,
0.642000,4.000000,
0.648000,4.000000,
0.654000,4.000000,
0.660000,4.000000,
0.666000,4.000000,
0.672000,4.000000,
0.678000,4.000000,
0.684000,4.000000,
0.690000,4.000000,
0.696000,4.000000,
0.702000,4.000000,
0.708000,4.000000,
0.714000,4.000000,
0.720000,4.000000,
0.726000,4.000000,
0.732000,4.000000,
0.738000,4.000000,
0.744000,4.000000,
0.750000,4.000000,
0.756000,4.000000,
0.762000,4.000000,
0.768000,4.000000,
0.774000,4.000000,
0.780000,4.000000,
0.786000,4.000000,
0.792000,4.000000,
0.798000,4.000000,
0.804000,4.000000,
0.810000,4.000000,
0.816000,4.000000,
0.822000,4.000000,
0.828000,4.000000,
0.834000,4.000000,
0.840000,4.000000,
0.846000,4.000000,
0.852000,4.000000,
0.858000,4.000000,
0.864000,4.000000,
0.870000,4.000000,
0.876000,4.000000,
0.882000,4.000000,
0.888000,4.000000,
0.894000,4.000000,
0.900000,4.000000,
0.906000,4.000000,
0.912000,4.000000,
0.918000,4.000000,
0.924000,4.000000,
0.930000,4.000000,
0.936000,4.000000,
0.942000,4.000000,
0.948000,4.000000,
0.954000,4.000000,
0.960000,4.000000,
0.966000,4.000000,
0.972000,4.000000,
0.978000,4.000000,
0.984000,4.000000,
0.990000,4.000000,
0.996000,4.000000,
1.002000,4.000000,
4.044000,4.000000,
7.086000,4.000000,
10.128000,4.000000,
13.170000,4.000000,
16.212000,4.000000,
19.254000,4.000000,
22.296000,4.000000,
25.338000,4.000000,
28.380000,4.000000,
31.422000,4.000000,
34.464000,4.000000,
37.506000,4.000000,
40.548000,4.000000,
43.590000,4.000000,
46.632000,4.000000,
49.674000,4.000000,
52.716000,4.000000,
55.758000,4.000000,
58.800000,4.000000,
61.842000,4.000000,
64.884000,4.000000,
67.926000,4.000000,
70.968000,4.000000,
74.010000,4.000000,
77.052000,4.000000,
80.094000,4.000000,
83.136000,4.000000,
86.178000,4.000000,
89.220000,4.000000,
92.262000,4.000000,
95.304000,4.000000,
98.346000,4.000000,
101.388000,4.000000,
104.430000,4.000000,
107.472000,4.000000,
110.514000,4.000000,
112.948000,4.000000,
115.382000,4.000000,
117.816000,4.000000,
120.250000,4.000000,
122.684000,4.000000,
125.118000,4.000000,
128.160000,4.000000,
131.202000,4.000000,
134.244000,4.000000,
137.286000,4.000000,
140.328000,4.000000,
143.370000,4.000000,
146.412000,4.000000,
149.454000,4.000000,
152.496000,4.000000,
155.538000,4.000000,
158.580000,4.000000,
161.622000,4.000000,
164.664000,4.000000,
167.706000,4.000000,
170.748000,4.000000,
173.790000,4.000000,
176.832000,4.000000,
179.874000,4.000000,
182.916000,4.000000,
185.958000,4.000000,
189.000000,4.000000,
192.042000,4.000000,
195.084000,4.000000,
198.126000,4.000000,
201.168000,4.000000,
204.210000,4.000000,
207.252000,4.000000,
210.294000,4.000000,
213.336000,4.000000,
216.378000,4.000000,
219.420000,4.000000,
222.462000,4.000000,
225.504000,4.000000,
228.546000,4.000000,
231.588000,4.000000,
234.630000,4.000000,
237.064000,4.000000,
239.498000,4.000000,
241.932000,4.000000,
244.366000,4.000000,
246.800000,4.000000,
249.234000,4.000000,
252.276000,4.000000,
255.318000,4.000000,
258.360000,4.000000,
261.402000,4.000000,
264.444000,4.000000,
267.486000,4.000000,
270.528000,4.000000,
273.570000,4.000000,
276.612000,4.000000,
279.654000,4.000000,
282.696000,4.000000,
285.738000,4.000000,
288.780000,4.000000,
291.822000,4.000000,
294.864000,4.000000,
297.906000,4.000000,
300.948000,4.000000,
303.990000,4.000000,
307.032000,4.000000,
310.074000,4.000000,
313.116000,4.000000,
316.158000,4.000000,
319.200000,4.000000,
322.242000,4.000000,
325.284000,4.000000,
328.326000,4.000000,
331.368000,4.000000,
334.410000,4.000000,
337.452000,4.000000,
340.494000,4.000000,
343.536000,4.000000,
346.578000,4.000000,
349.620000,4.000000,
352.662000,4.000000,
355.704000,4.000000,
358.746000,4.000000,
361.180000,4.000000,
363.614000,4.000000,
366.048000,4.000000,
368.482000,4.000000,
370.916000,4.000000,
373.350000,4.000000,
376.392000,4.000000,
379.434000,4.000000,
382.476000,4.000000,
385.518000,4.000000,
388.560000,4.000000,
391.602000,4.000000,
394.644000,4.000000,
397.686000,4.000000,
400.728000,4.000000,
403.770000,4.000000,
406.812000,4.000000,
409.854000,4.000000,
412.896000,4.000000,
415.938000,4.000000,
418.980000,4.000000,
422.022000,4.000000,
425.064000,4.000000,
428.106000,4.000000,
431.148000,4.000000,
434.190000,4.000000,
437.232000,4.000000,
440.274000,4.000000,
443.316000,4.000000,
446.358000,4.000000,
449.400000,4.000000,
452.442000,4.000000,
455.484000,4.000000,
458.526000,4.000000,
461.568000,4.000000,
464.610000,4.000000,
467.652000,4.000000,
470.694000,4.000000,
473.736000,4.000000,
476.778000,4.000000,
479.820000,4.000000,
482.862000,4.000000,
485.296000,4.000000,
487.730000,4.000000,
490.164000,4.000000,
492.598000,4.000000,
495.032000,4.000000,
497.466000,4.000000,
500.508000,4.000000,
503.550000,4.000000,
506.592000,4.000000,
509.634000,4.000000,
512.676000,4.000000,
515.718000,4.000000,
518.760000,4.000000,
521.802000,4.000000,
524.844000,4.000000,
527.886000,4.000000,
530.928000,4.000000,
533.970000,4.000000,
537.012000,4.000000,
540.054000,4.000000,
543.096000,4.000000,
546.138000,4.000000,
549.180000,4.000000,
552.222000,4.000000,
555.264000,4.000000,
558.306000,4.000000,
561.348000,4.000000,
564.390000,4.000000,
567.432000,4.000000,
570.474000,4.000000,
573.516000,4.000000,
576.558000,4.000000,
579.600000,4.000000,
582.642000,4.000000,
585.684000,4.000000,
588.726000,4.000000,
591.768000,4.000000,
594.810000,4.000000,
597.852000,4.000000,
600.894000,4.000000,
603.936000,4.000000,
606.978000,4.000000,
609.412000,4.000000,
611.846000,4.000000,
614.280000,4.000000,
616.714000,4.000000,
619.148000,4.000000,
621.582000,4.000000,
624.624000,4.000000,
627.666000,4.000000,
630.708000,4.000000,
633.750000,4.000000,
636.792000,4.000000,
639.834000,4.000000,
642.876000,4.000000,
645.918000,4.000000,
648.960000,4.000000,
652.002000,4.000000,
655.044000,4.000000,
658.086000,4.000000,
661.128000,4.000000,
664.170000,4.000000,
667.212000,4.000000,
670.254000,4.000000,
673.296000,4.000000,
676.338000,4.000000,
679.380000,4.000000,
682.422000,4.000000,
685.464000,4.000000,
688.506000,4.000000,
691.548000,4.000000,
694.590000,4.000000,
697.632000,4.000000,
700.674000,4.000000,
703.716000,4.000000,
706.758000,4.000000,
709.800000,4.000000,
712.842000,4.000000,
715.884000,4.000000,
718.926000,4.000000,
721.968000,4.000000,
725.010000,4.000000,
728.052000,4.000000,
731.094000,4.000000,
733.528000,4.000000,
735.962000,4.000000,
738.396000,4.000000,
740.830000,4.000000,
743.264000,4.000000,
745.698000,4.000000,
748.740000,4.000000,
751.782000,4.000000,
754.824000,4.000000,
757.866000,4.000000,
760.908000,4.000000,
763.950000,4.000000,
766.992000,4.000000,
770.034000,4.000000,
773.076000,4.000000,
776.118000,4.000000,
779.160000,4.000000,
782.202000,4.000000,
785.244000,4.000000,
788.286000,4.000000,
791.328000,4.000000,
794.370000,4.000000,
797.412000,4.000000,
800.454000,4.000000,
803.496000,4.000000,
806.538000,4.000000,
809.580000,4.000000,
812.622000,4.000000,
815.664000,4.000000,
818.706000,4.000000,
821.748000,4.000000,
824.790000,4.000000,
827.832000,4.000000,
830.874000,4.000000,
833.916000,4.000000,
836.958000,4.000000,
840.000000,4.000000,
843.042000,4.000000,
846.084000,4.000000,
849.126000,4.000000,
852.168000,4.000000,
855.210000,4.000000,
857.644000,4.000000,
860.078000,4.000000,
862.512000,4.000000,
864.946000,4.000000,
867.380000,4.000000,
869.814000,4.000000,
872.856000,4.000000,
875.898000,4.000000,
878.940000,4.000000,
881.982000,4.000000,
885.024000,4.000000,
888.066000,4.000000,
891.108000,4.000000,
894.150000,4.000000,
897.192000,4.000000,
900.234000,4.000000,
903.276000,4.000000,
906.318000,4.000000,
909.360000,4.000000,
912.402000,4.000000,
915.444000,4.000000,
918.486000,4.000000,
921.528000,4.000000,
924.570000,4.000000,
927.612000,4.000000,
930.654000,4.000000,
933.696000,4.000000,
936.738000,4.000000,
939.780000,4.000000,
942.822000,4.000000,
945.864000,4.000000,
948.906000,4.000000,
951.948000,4.000000,
954.990000,4.000000,
958.032000,4.000000,
961.074000,4.000000,
964.116000,4.000000,
967.158000,4.000000,
970.200000,4.000000,
973.242000,4.000000,
976.284000,4.000000,
979.326000,4.000000,
981.760000,4.000000,
984.194000,4.000000,
986.628000,4.000000,
989.062000,4.000000,
991.496000,4.000000,
993.930000,4.000000,
996.972000,4.000000,
1000.014000,4.000000,
1003.056000,4.000000,
1006.098000,4.000000,
1009.140000,4.000000,
1012.182000,4.000000,
1015.224000,4.000000,
1018.266000,4.000000,
1021.308000,4.000000,
1024.350000,4.000000,
1027.392000,4.000000,
1030.434000,4.000000,
1033.476000,4.000000,
1036.518000,4.000000,
1039.560000,4.000000,
1042.602000,4.000000,
1045.644000,4.000000,
1048.686000,4.000000,
1051.728000,4.000000,
1054.770000,4.000000,
1057.812000,4.000000,
1060.854000,4.000000,
1063.896000,4.000000,
1066.938000,4.000000,
1069.980000,4.000000,
1073.022000,4.000000,
1076.064000,4.000000,
1079.106000,4.000000,
1082.148000,4.000000,
1085.190000,4.000000,
1088.232000,4.000000,
1091.274000,4.000000,
1094.316000,4.000000,
1097.358000,4.000000,
1100.400000,4.000000,
1103.442000,4.000000,
1105.876000,4.000000,
1108.310000,4.000000,
1110.744000,4.000000,
1113.178000,4.000000,
1115.612000,4.000000,
1118.046000,4.000000,
1121.088000,4.000000,
1124.130000,4.000000,
1127.172000,4.000000,
1130.214000,4.000000,
1133.256000,4.000000,
1136.298000,4.000000,
1139.340000,4.000000,
1142.382000,4.000000,
1145.424000,4.000000,
1148.466000,4.000000,
1151.508000,4.000000,
1154.550000,4.000000,
1157.592000,4.000000,
1160.634000,4.000000,
1163.676000,4.000000,
1166.718000,4.000000,
1169.760000,4.000000,
1172.802000,4.000000,
1175.844000,4.000000,
1178.886000,4.000000,
1181.928000,4.000000,
1184.970000,4.000000,
1188.012000,4.000000,
1191.054000,4.000000,
1194.096000,4.000000,
1197.138000,4.000000,
1200.180000,4.000000,
1203.222000,4.000000,
1206.264000,4.000000,
1209.306000,4.000000,
1212.348000,4.000000,
1215.390000,4.000000,
1218.432000,4.000000,
1221.474000,4.000000,
1224.516000,4.000000,
1227.558000,4.000000,
1229.992000,4.000000,
1232.426000,4.000000,
1234.860000,4.000000,
1237.294000,4.000000,
1239.728000,4.000000,
1242.162000,4.000000,
1245.204000,4.000000,
1248.246000,4.000000,
1251.288000,4.000000,
1254.330000,4.000000,
1257.372000,4.000000,
1260.414000,4.000000,
1263.456000,4.000000,
1266.498000,4.000000,
1269.540000,4.000000,
1272.582000,4.000000,
1275.624000,4.000000,
1278.666000,4.000000,
1281.708000,4.000000,
1284.750000,4.000000,
1287.792000,4.000000,
1290.834000,4.000000,
1293.876000,4.000000,
1296.918000,4.000000,
1299.960000,4.000000,
1303.002000,4.000000,
1306.044000,4.000000,
1309.086000,4.000000,
1312.128000,4.000000,
1315.170000,4.000000,
1318.212000,4.000000,
1321.254000,4.000000,
1324.296000,4.000000,
1327.338000,4.000000,
1330.380000,4.000000,
1333.422000,4.000000,
1336.464000,4.000000,
1339.506000,4.000000,
1342.548000,4.000000,
1345.590000,4.000000,
1348.632000,4.000000,
1351.674000,4.000000,
1354.108000,4.000000,
1356.542000,4.000000,
1358.976000,4.000000,
1361.410000,4.000000,
1363.844000,4.000000,
1366.278000,4.000000,
1369.320000,4.000000,
1372.362000,4.000000,
1375.404000,4.000000,
1378.446000,4.000000,
1381.488000,4.000000,
1384.530000,4.000000,
1387.572000,4.000000,
1390.614000,4.000000,
1393.656000,4.000000,
1396.698000,4.000000,
1399.740000,4.000000,
1402.782000,4.000000,
1405.824000,4.000000,
1408.866000,4.000000,
1411.908000,4.000000,
1414.950000,4.000000,
1417.992000,4.000000,
1421.034000,4.000000,
1424.076000,4.000000,
1427.118000,4.000000,
1430.160000,4.000000,
1433.202000,4.000000,
1436.244000,4.000000,
1439.286000,4.000000,
1442.328000,4.000000,
1445.370000,4.000000,
1448.412000,4.000000,
1451.454000,4.000000,
1454.496000,4.000000,
1457.538000,4.000000,
1460.580000,4.000000,
1463.622000,4.000000,
1466.664000,4.000000,
1469.706000,4.000000,
1472.748000,4.000000,
1475.790000,4.000000,
1478.224000,4.000000,
1480.658000,4.000000,
1483.092000,4.000000,
1485.526000,4.000000,
1487.960000,4.000000,
1490.394000,4.000000,
1493.436000,4.000000,
1496.478000,4.000000,
1499.520000,4.000000,
1502.562000,4.000000,
1505.604000,4.000000,
1508.646000,4.000000,
1511.688000,4.000000,
1514.730000,4.000000,
1517.772000,4.000000,
1520.814000,4.000000,
1523.856000,4.000000,
1526.898000,4.000000,
1529.940000,4.000000,
1532.982000,4.000000,
1536.024000,4.000000,
1539.066000,4.000000,
1542.108000,4.000000,
1545.150000,4.000000,
1548.192000,4.000000,
1551.234000,4.000000,
1554.276000,4.000000,
1557.318000,4.000000,
1560.360000,4.000000,
1563.402000,4.000000,
1566.444000,4.000000,
1569.486000,4.000000,
1572.528000,4.000000,
1575.570000,4.000000,
1578.612000,4.000000,
1581.654000,4.000000,
1584.696000,4.000000,
1587.738000,4.000000,
1590.780000,4.000000,
1593.822000,4.000000,
1596.864000,4.000000,
1599.906000,4.000000,
1602.340000,4.000000,
1604.774000,4.000000,
1607.208000,4.000000,
1609.642000,4.000000,
1612.076000,4.000000,
1614.510000,4.000000,
1617.552000,4.000000,
1620.594000,4.000000,
1623.636000,4.000000,
1626.678000,4.000000,
1629.720000,4.000000,
1632.762000,4.000000,
1635.804000,4.000000,
1638.846000,4.000000,
1641.888000,4.000000,
1644.930000,4.000000,
1647.972000,4.000000,
1651.014000,4.000000,
1654.056000,4.000000,
1657.098000,4.000000,
1660.140000,4.000000,
1663.182000,4.000000,
1666.224000,4.000000,
1669.266000,4.000000,
1672.308000,4.000000,
1675.350000,4.000000,
1678.392000,4.000000,
1681.434000,4.000000,
1684.476000,4.000000,
1687.518000,4.000000,
1690.560000,4.000000,
1693.602000,4.000000,
1696.644000,4.000000,
1699.686000,4.000000,
1702.728000,4.000000,
1705.770000,4.000000,
1708.812000,4.000000,
1711.854000,4.000000,
1714.896000,4.000000,
1717.938000,4.000000,
1720.980000,4.000000,
1724.022000,4.000000,
1726.456000,4.000000,
1728.890000,4.000000,
1731.324000,4.000000,
1733.758000,4.000000,
1736.192000,4.000000,
1738.626000,4.000000,
1741.668000,4.000000,
1744.710000,4.000000,
1747.752000,4.000000,
1750.794000,4.000000,
1753.836000,4.000000,
1756.878000,4.000000,
1759.920000,4.000000,
1762.962000,4.000000,
1766.004000,4.000000,
1769.046000,4.000000,
1772.088000,4.000000,
1775.130000,4.000000,
1778.172000,4.000000,
1781.214000,4.000000,
1784.256000,4.000000,
1787.298000,4.000000,
1790.340000,4.000000,
1793.382000,4.000000,
1796.424000,4.000000,
1799.466000,4.000000,
1802.508000,4.000000,
1805.550000,4.000000,
1808.592000,4.000000,
1811.634000,4.000000,
1814.676000,4.000000,
1817.718000,4.000000,
1820.760000,4.000000,
1823.802000,4.000000,
1826.844000,4.000000,
1829.886000,4.000000,
1832.928000,4.000000,
1835.970000,4.000000,
1839.012000,4.000000,
1842.054000,4.000000,
1845.096000,4.000000,
1848.138000,4.000000,
1850.572000,4.000000,
1853.006000,4.000000,
1855.440000,4.000000,
1857.874000,4.000000,
1860.308000,4.000000,
1862.742000,4.000000,
1865.784000,4.000000,
1868.826000,4.000000,
1871.868000,4.000000,
1874.910000,4.000000,
1877.952000,4.000000,
1880.994000,4.000000,
1884.036000,4.000000,
1887.078000,4.000000,
1890.120000,4.000000,
1893.162000,4.000000,
1896.204000,4.000000,
1899.246000,4.000000,
1902.288000,4.000000,
1905.330000,4.000000,
1908.372000,4.000000,
1911.414000,4.000000,
1914.456000,4.000000,
1917.498000,4.000000,
1920.540000,4.000000,
1923.582000,4.000000,
1926.624000,4.000000,
1929.666000,4.000000,
1932.708000,4.000000,
1935.750000,4.000000,
1938.792000,4.000000,
1941.834000,4.000000,
1944.876000,4.000000,
1947.918000,4.000000,
1950.960000,4.000000,
1954.002000,4.000000,
1957.044000,4.000000,
1960.086000,4.000000,
1963.128000,4.000000,
1966.170000,4.000000,
1969.212000,4.000000,
1972.254000,4.000000,
1974.688000,4.000000,
1977.122000,4.000000,
1979.556000,4.000000,
1981.990000,4.000000,
1984.424000,4.000000,
1986.858000,4.000000,
1989.900000,4.000000,
1992.942000,4.000000,
1995.984000,4.000000,
1999.026000,4.000000,
2002.068000,4.000000,
2005.110000,4.000000,
2008.152000,4.000000,
2011.194000,4.000000,
2014.236000,4.000000,
2017.278000,4.000000,
2020.320000,4.000000,
2023.362000,4.000000,
2026.404000,4.000000,
2029.446000,4.000000,
2032.488000,4.000000,
2035.530000,4.000000,
2038.572000,4.000000,
2041.614000,4.000000,
2044.656000,4.000000,
2047.698000,4.000000,
2050.740000,4.000000,
2053.782000,4.000000,
2056.824000,4.000000,
2059.866000,4.000000,
2062.908000,4.000000,
2065.950000,4.000000,
2068.992000,4.000000,
2072.034000,4.000000,
2075.076000,4.000000,
2078.118000,4.000000,
2081.160000,4.000000,
2084.202000,4.000000,
2087.244000,4.000000,
2090.286000,4.000000,
2093.328000,4.000000,
2096.370000,4.000000,
2098.804000,4.000000,
2101.238000,4.000000,
2103.672000,4.000000,
2106.106000,4.000000,
2108.540000,4.000000,
2110.974000,4.000000,
2114.016000,4.000000,
2117.058000,4.000000,
2120.100000,4.000000,
2123.142000,4.000000,
2126.184000,4.000000,
2129.226000,4.000000,
2132.268000,4.000000,
2135.310000,4.000000,
2138.352000,4.000000,
2141.394000,4.000000,
2144.436000,4.000000,
2147.478000,4.000000,
2150.520000,4.000000,
2153.562000,4.000000,
2156.604000,4.000000,
2159.646000,4.000000,
2162.688000,4.000000,
2165.730000,4.000000,
2168.772000,4.000000,
2171.814000,4.000000,
2174.856000,4.000000,
2177.898000,4.000000,
2180.940000,4.000000,
2183.982000,4.000000,
2187.024000,4.000000,
2190.066000,4.000000,
2193.108000,4.000000,
2196.150000,4.000000,
2199.192000,4.000000,
2202.234000,4.000000,
2205.276000,4.000000,
2208.318000,4.000000,
2211.360000,4.000000,
2214.402000,4.000000,
2217.444000,4.000000,
2220.486000,4.000000,
2222.920000,4.000000,
2225.354000,4.000000,
2227.788000,4.000000,
2230.222000,4.000000,
2232.656000,4.000000,
2235.090000,4.000000,
2238.132000,4.000000,
2241.174000,4.000000,
2244.216000,4.000000,
2247.258000,4.000000,
2250.300000,4.000000,
2253.342000,4.000000,
2256.384000,4.000000,
2259.426000,4.000000,
2262.468000,4.000000,
2265.510000,4.000000,
2268.552000,4.000000,
2271.594000,4.000000,
2274.636000,4.000000,
2277.678000,4.000000,
2280.720000,4.000000,
2283.762000,4.000000,
2286.804000,4.000000,
2289.846000,4.000000,
2292.888000,4.000000,
2295.930000,4.000000,
2298.972000,4.000000,
2302.014000,4.000000,
2305.056000,4.000000,
2308.098000,4.000000,
2311.140000,4.000000,
2314.182000,4.000000,
2317.224000,4.000000,
2320.266000,4.000000,
2323.308000,4.000000,
2326.350000,4.000000,
2329.392000,4.000000,
2332.434000,4.000000,
2335.476000,4.000000,
2338.518000,4.000000,
2341.560000,4.000000,
2344.602000,4.000000,
2347.036000,4.000000,
2349.470000,4.000000,
2351.904000,4.000000,
2354.338000,4.000000,
2356.772000,4.000000,
2359.206000,4.000000,
2362.248000,4.000000,
2365.290000,4.000000,
2368.332000,4.000000,
2371.374000,4.000000,
2374.416000,4.000000,
2377.458000,4.000000,
2380.500000,4.000000,
2383.542000,4.000000,
2386.584000,4.000000,
2389.626000,4.000000,
2392.668000,4.000000,
2395.710000,4.000000,
2398.752000,4.000000,
2401.794000,4.000000,
2404.836000,4.000000,
2407.878000,4.000000,
2410.920000,4.000000,
2413.962000,4.000000,
2417.004000,4.000000,
2420.046000,4.000000,
2423.088000,4.000000,
2426.130000,4.000000,
2429.172000,4.000000,
2432.214000,4.000000,
2435.256000,4.000000,
2438.298000,4.000000,
2441.340000,4.000000,
2444.382000,4.000000,
2447.424000,4.000000,
2450.466000,4.000000,
2453.508000,4.000000,
2456.550000,4.000000,
2459.592000,4.000000,
2462.634000,4.000000,
2465.676000,4.000000,
2468.718000,4.000000,
2471.152000,4.000000,
2473.586000,4.000000,
2476.020000,4.000000,
2478.454000,4.000000,
2480.888000,4.000000,
2483.322000,4.000000,
2486.364000,4.000000,
2489.406000,4.000000,
2492.448000,4.000000,
2495.490000,4.000000,
2498.532000,4.000000,
2501.574000,4.000000,
2504.616000,4.000000,
2507.658000,4.000000,
2510.700000,4.000000,
2513.742000,4.000000,
2516.784000,4.000000,
2519.826000,4.000000,
2522.868000,4.000000,
2525.910000,4.000000,
2528.952000,4.000000,
2531.994000,4.000000,
2535.036000,4.000000,
2538.078000,4.000000,
2541.120000,4.000000,
2544.162000,4.000000,
2547.204000,4.000000,
2550.246000,4.000000,
2553.288000,4.000000,
2556.330000,4.000000,
2559.372000,4.000000,
2562.414000,4.000000,
2565.456000,4.000000,
2568.498000,4.000000,
2571.540000,4.000000,
2574.582000,4.000000,
2577.624000,4.000000,
2580.666000,4.000000,
2583.708000,4.000000,
2586.750000,4.000000,
2589.792000,4.000000,
2592.834000,4.000000,
2595.268000,4.000000,
2597.702000,4.000000,
2600.136000,4.000000,
2602.570000,4.000000,
2605.004000,4.000000,
2607.438000,4.000000,
2610.480000,4.000000,
2613.522000,4.000000,
2616.564000,4.000000,
2619.606000,4.000000,
2622.648000,4.000000,
2625.690000,4.000000,
2628.732000,4.000000,
2631.774000,4.000000,
2634.816000,4.000000,
2637.858000,4.000000,
2640.900000,4.000000,
2643.942000,4.000000,
2646.984000,4.000000,
2650.026000,4.000000,
2653.068000,4.000000,
2656.110000,4.000000,
2659.152000,4.000000,
2662.194000,4.000000,
2665.236000,4.000000,
2668.278000,4.000000,
2671.320000,4.000000,
2674.362000,4.000000,
2677.404000,4.000000,
2680.446000,4.000000,
2683.488000,4.000000,
2686.530000,4.000000,
2689.572000,4.000000,
2692.614000,4.000000,
2695.656000,4.000000,
2698.698000,4.000000,
2701.740000,4.000000,
2704.782000,4.000000,
2707.824000,4.000000,
2710.866000,4.000000,
2713.908000,4.000000,
2716.950000,4.000000,
2719.384000,4.000000,
2721.818000,4.000000,
2724.252000,4.000000,
2726.686000,4.000000,
2729.120000,4.000000,
2731.554000,4.000000,
2734.596000,4.000000,
2737.638000,4.000000,
2740.680000,4.000000,
2743.722000,4.000000,
2746.764000,4.000000,
2749.806000,4.000000,
2752.848000,4.000000,
2755.890000,4.000000,
2758.932000,4.000000,
2761.974000,4.000000,
2765.016000,4.000000,
2768.058000,4.000000,
2771.100000,4.000000,
2774.142000,4.000000,
2777.184000,4.000000,
2780.226000,4.000000,
2783.268000,4.000000,
2786.310000,4.000000,
2789.352000,4.000000,
2792.394000,4.000000,
2795.436000,4.000000,
2798.478000,4.000000,
2801.520000,4.000000,
2804.562000,4.000000,
2807.604000,4.000000,
2810.646000,4.000000,
2813.688000,4.000000,
2816.730000,4.000000,
2819.772000,4.000000,
2822.814000,4.000000,
2825.856000,4.000000,
2828.898000,4.000000,
2831.940000,4.000000,
2834.982000,4.000000,
2838.024000,4.000000,
2841.066000,4.000000,
2843.500000,4.000000,
2845.934000,4.000000,
2848.368000,4.000000,
2850.802000,4.000000,
2853.236000,4.000000,
2855.670000,4.000000,
2858.712000,4.000000,
2861.754000,4.000000,
2864.796000,4.000000,
2867.838000,4.000000,
2870.880000,4.000000,
2873.922000,4.000000,
2876.964000,4.000000,
2880.006000,4.000000,
2883.048000,4.000000,
2886.090000,4.000000,
2889.132000,4.000000,
2892.174000,4.000000,
2895.216000,4.000000,
2898.258000,4.000000,
2901.300000,4.000000,
2904.342000,4.000000,
2907.384000,4.000000,
2910.426000,4.000000,
2913.468000,4.000000,
2916.510000,4.000000,
2919.552000,4.000000,
2922.594000,4.000000,
2925.636000,4.000000,
2928.678000,4.000000,
2931.720000,4.000000,
2934.762000,4.000000,
2937.804000,4.000000,
2940.846000,4.000000,
2943.888000,4.000000,
2946.930000,4.000000,
2949.972000,4.000000,
2953.014000,4.000000,
2956.056000,4.000000,
2959.098000,4.000000,
2962.140000,4.000000,
2965.182000,4.000000,
2967.616000,4.000000,
2970.050000,4.000000,
2972.484000,4.000000,
2974.918000,4.000000,
2977.352000,4.000000,
2979.786000,4.000000,
2982.828000,4.000000,
2985.870000,4.000000,
2988.912000,4.000000,
2991.954000,4.000000,
2994.996000,4.000000,
2998.038000,4.000000,
3001.080000,4.000000,
3004.122000,4.000000,
3007.164000,4.000000,
3010.206000,4.000000,
3013.248000,4.000000,
3016.290000,4.000000,
3019.332000,4.000000,
3022.374000,4.000000,
3025.416000,4.000000,
3028.458000,4.000000,
3031.500000,4.000000,
3034.542000,4.000000,
3037.584000,4.000000,
3040.626000,4.000000,
3043.668000,4.000000,
3046.710000,4.000000,
3049.752000,4.000000,
3052.794000,4.000000,
3055.836000,4.000000,
3058.878000,4.000000,
3061.920000,4.000000,
3064.962000,4.000000,
3068.004000,4.000000,
3071.046000,4.000000,
3074.088000,4.000000,
3077.130000,4.000000,
3080.172000,4.000000,
3083.214000,4.000000,
3086.256000,4.000000,
3089.298000,4.000000,
3091.732000,4.000000,
3094.166000,4.000000,
3096.600000,4.000000,
3099.034000,4.000000,
3101.468000,4.000000,
3103.902000,4.000000,
3106.944000,4.000000,
3109.986000,4.000000,
3113.028000,4.000000,
3116.070000,4.000000,
3119.112000,4.000000,
3122.154000,4.000000,
3125.196000,4.000000,
3128.238000,4.000000,
3131.280000,4.000000,
3134.322000,4.000000,
3137.364000,4.000000,
3140.406000,4.000000,
3143.448000,4.000000,
3146.490000,4.000000,
3149.532000,4.000000,
3152.574000,4.000000,
3155.616000,4.000000,
3158.658000,4.000000,
3161.700000,4.000000,
3164.742000,4.000000,
3167.784000,4.000000,
3170.826000,4.000000,
3173.868000,4.000000,
3176.910000,4.000000,
3179.952000,4.000000,
3182.994000,4.000000,
3186.036000,4.000000,
3189.078000,4.000000,
3192.120000,4.000000,
3195.162000,4.000000,
3198.204000,4.000000,
3201.246000,4.000000,
3204.288000,4.000000,
3207.330000,4.000000,
3210.372000,4.000000,
3213.414000,4.000000,
3215.848000,4.000000,
3218.282000,4.000000,
3220.716000,4.000000,
3223.150000,4.000000,
3225.584000,4.000000,
3228.018000,4.000000,
3231.060000,4.000000,
3234.102000,4.000000,
3237.144000,4.000000,
3240.186000,4.000000,
3243.228000,4.000000,
3246.270000,4.000000,
3249.312000,4.000000,
3252.354000,4.000000,
3255.396000,4.000000,
3258.438000,4.000000,
3261.480000,4.000000,
3264.522000,4.000000,
3267.564000,4.000000,
3270.606000,4.000000,
3273.648000,4.000000,
3276.690000,4.000000,
3279.732000,4.000000,
3282.774000,4.000000,
3285.816000,4.000000,
3288.858000,4.000000,
3291.900000,4.000000,
3294.942000,4.000000,
3297.984000,4.000000,
3301.026000,4.000000,
3304.068000,4.000000,
3307.110000,4.000000,
3310.152000,4.000000,
3313.194000,4.000000,
3316.236000,4.000000,
3319.278000,4.000000,
3322.320000,4.000000,
3325.362000,4.000000,
3328.404000,4.000000,
3331.446000,4.000000,
3334.488000,4.000000,
3337.530000,4.000000,
3339.964000,4.000000,
3342.398000,4.000000,
3344.832000,4.000000,
3347.266000,4.000000,
3349.700000,4.000000,
3352.134000,4.000000,
3355.176000,4.000000,
3358.218000,4.000000,
3361.260000,4.000000,
3364.302000,4.000000,
3367.344000,4.000000,
3370.386000,4.000000,
3373.428000,4.000000,
3376.470000,4.000000,
3379.512000,4.000000,
3382.554000,4.000000,
3385.596000,4.000000,
3388.638000,4.000000,
3391.680000,4.000000,
3394.722000,4.000000,
3397.764000,4.000000,
3400.806000,4.000000,
3403.848000,4.000000,
3406.890000,4.000000,
3409.932000,4.000000,
3412.974000,4.000000,
3416.016000,4.000000,
3419.058000,4.000000,
3422.100000,4.000000,
3425.142000,4.000000,
3428.184000,4.000000,
3431.226000,4.000000,
3434.268000,4.000000,
3437.310000,4.000000,
3440.352000,4.000000,
3443.394000,4.000000,
3446.436000,4.000000,
3449.478000,4.000000,
3452.520000,4.000000,
3455.562000,4.000000,
3458.604000,4.000000,
3461.646000,4.000000,
3464.080000,4.000000,
3466.514000,4.000000,
3468.948000,4.000000,
3471.382000,4.000000,
3473.816000,4.000000,
3476.250000,4.000000,
3479.292000,4.000000,
3482.334000,4.000000,
3485.376000,4.000000,
3488.418000,4.000000,
3491.460000,4.000000,
3494.502000,4.000000,
3497.544000,4.000000,
3500.586000,4.000000,
3503.628000,4.000000,
3506.670000,4.000000,
3509.712000,4.000000,
3512.754000,4.000000,
3515.796000,4.000000,
3518.838000,4.000000,
3521.880000,4.000000,
3524.922000,4.000000,
3527.964000,4.000000,
3531.006000,4.000000,
3534.048000,4.000000,
3537.090000,4.000000,
3540.132000,4.000000,
3543.174000,4.000000,
3546.216000,4.000000,
3549.258000,4.000000,
3552.300000,4.000000,
3555.342000,4.000000,
3558.384000,4.000000,
3561.426000,4.000000,
3564.468000,4.000000,
3567.510000,4.000000,
3570.552000,4.000000,
3573.594000,4.000000,
3576.636000,4.000000,
3579.678000,4.000000,
3582.720000,4.000000,
3585.762000,4.000000,
3588.196000,4.000000,
3590.630000,4.000000,
3593.064000,4.000000,
3595.498000,4.000000,
3597.932000,4.000000,
3600.366000,4.000000,
3603.408000,4.000000,
3606.450000,4.000000,
3609.492000,4.000000,
3612.534000,4.000000,
3615.576000,4.000000,
3618.618000,4.000000,
3621.660000,4.000000,
3624.702000,4.000000,
3627.744000,4.000000,
3630.786000,4.000000,
3633.828000,4.000000,
3636.870000,4.000000,
3639.912000,4.000000,
3642.954000,4.000000,
3645.996000,4.000000,
3649.038000,4.000000,
3652.080000,4.000000,
3655.122000,4.000000,
3658.164000,4.000000,
3661.206000,4.000000,
3664.248000,4.000000,
3667.290000,4.000000,
3670.332000,4.000000,
3673.374000,4.000000,
3676.416000,4.000000,
3679.458000,4.000000,
3682.500000,4.000000,
3685.542000,4.000000,
3688.584000,4.000000,
3691.626000,4.000000,
3694.668000,4.000000,
3697.710000,4.000000,
3700.752000,4.000000,
3703.794000,4.000000,
3706.836000,4.000000,
3709.878000,4.000000,
3712.312000,4.000000,
3714.746000,4.000000,
3717.180000,4.000000,
3719.614000,4.000000,
3722.048000,4.000000,
3724.482000,4.000000,
3727.524000,4.000000,
3730.566000,4.000000,
3733.608000,4.000000,
3736.650000,4.000000,
3739.692000,4.000000,
3742.734000,4.000000,
3745.776000,4.000000,
3748.818000,4.000000,
3751.860000,4.000000,
3754.902000,4.000000,
3757.944000,4.000000,
3760.986000,4.000000,
3764.028000,4.000000,
3767.070000,4.000000,
3770.112000,4.000000,
3773.154000,4.000000,
3776.196000,4.000000,
3779.238000,4.000000,
3782.280000,4.000000,
3785.322000,4.000000,
3788.364000,4.000000,
3791.406000,4.000000,
3794.448000,4.000000,
3797.490000,4.000000,
3800.532000,4.000000,
3803.574000,4.000000,
3806.616000,4.000000,
3809.658000,4.000000,
3812.700000,4.000000,
3815.742000,4.000000,
3818.784000,4.000000,
3821.826000,4.000000,
3824.868000,4.000000,
3827.910000,4.000000,
3830.952000,4.000000,
3833.994000,4.000000,
3836.428000,4.000000,
3838.862000,4.000000,
3841.296000,4.000000,
3843.730000,4.000000,
3846.164000,4.000000,
3848.598000,4.000000,
3851.640000,4.000000,
3854.682000,4.000000,
3857.724000,4.000000,
3860.766000,4.000000,
3863.808000,4.000000,
3866.850000,4.000000,
3869.892000,4.000000,
3872.934000,4.000000,
3875.976000,4.000000,
3879.018000,4.000000,
3882.060000,4.000000,
3885.102000,4.000000,
3888.144000,4.000000,
3891.186000,4.000000,
3894.228000,4.000000,
3897.270000,4.000000,
3900.312000,4.000000,
3903.354000,4.000000,
3906.396000,4.000000,
3909.438000,4.000000,
3912.480000,4.000000,
3915.522000,4.000000,
3918.564000,4.000000,
3921.606000,4.000000,
3924.648000,4.000000,
3927.690000,4.000000,
3930.732000,4.000000,
3933.774000,4.000000,
3936.816000,4.000000,
3939.858000,4.000000,
3942.900000,4.000000,
3945.942000,4.000000,
3948.984000,4.000000,
3952.026000,4.000000,
3955.068000,4.000000,
3958.110000,4.000000,
3960.544000,4.000000,
3962.978000,4.000000,
3965.412000,4.000000,
3967.846000,4.000000,
3970.280000,4.000000,
3972.714000,4.000000,
3975.756000,4.000000,
3978.798000,4.000000,
3981.840000,4.000000,
3984.882000,4.000000,
3987.924000,4.000000,
3990.966000,4.000000,
3994.008000,4.000000,
3997.050000,4.000000,
4000.092000,4.000000,
4003.134000,4.000000,
4006.176000,4.000000,
4009.218000,4.000000,
4012.260000,4.000000,
4015.302000,4.000000,
4018.344000,4.000000,
4021.386000,4.000000,
4024.428000,4.000000,
4027.470000,4.000000,
4030.512000,4.000000,
4033.554000,4.000000,
4036.596000,4.000000,
4039.638000,4.000000,
4042.680000,4.000000,
4045.722000,4.000000,
4048.764000,4.000000,
4051.806000,4.000000,
4054.848000,4.000000,
4057.890000,4.000000,
4060.932000,4.000000,
4063.974000,4.000000,
4067.016000,4.000000,
4070.058000,4.000000,
4073.100000,4.000000,
4076.142000,4.000000,
4079.184000,4.000000,
4082.226000,4.000000,
4084.660000,4.000000,
4087.094000,4.000000,
4089.528000,4.000000,
4091.962000,4.000000,
4094.396000,4.000000,
4096.830000,4.000000,
4099.872000,4.000000,
4102.914000,4.000000,
4105.956000,4.000000,
4108.998000,4.000000,
4112.040000,4.000000,
4115.082000,4.000000,
4118.124000,4.000000,
4121.166000,4.000000,
4124.208000,4.000000,
4127.250000,4.000000,
4130.292000,4.000000,
4133.334000,4.000000,
4136.376000,4.000000,
4139.418000,4.000000,
4142.460000,4.000000,
4145.502000,4.000000,
4148.544000,4.000000,
4151.586000,4.000000,
4154.628000,4.000000,
4157.670000,4.000000,
4160.712000,4.000000,
4163.754000,4.000000,
4166.796000,4.000000,
4169.838000,4.000000,
4172.880000,4.000000,
4175.922000,4.000000,
4178.964000,4.000000,
4182.006000,4.000000,
4185.048000,4.000000,
4188.090000,4.000000,
4191.132000,4.000000,
4194.174000,4.000000,
4197.216000,4.000000,
4200.258000,4.000000,
4203.300000,4.000000,
4206.342000,4.000000,
4208.776000,4.000000,
4211.210000,4.000000,
4213.644000,4.000000,
4216.078000,4.000000,
4218.512000,4.000000,
4220.946000,4.000000,
4223.988000,4.000000,
4227.030000,4.000000,
4230.072000,4.000000,
4233.114000,4.000000,
4236.156000,4.000000,
4239.198000,4.000000,
4242.240000,4.000000,
4245.282000,4.000000,
4248.324000,4.000000,
4251.366000,4.000000,
4254.408000,4.000000,
4257.450000,4.000000,
4260.492000,4.000000,
4263.534000,4.000000,
4266.576000,4.000000,
4269.618000,4.000000,
4272.660000,4.000000,
4275.702000,4.000000,
4278.744000,4.000000,
4281.786000,4.000000,
4284.828000,4.000000,
4287.870000,4.000000,
4290.912000,4.000000,
4293.954000,4.000000,
4296.996000,4.000000,
4300.038000,4.000000,
4303.080000,4.000000,
4306.122000,4.000000,
4309.164000,4.000000,
4312.206000,4.000000,
4315.248000,4.000000,
4318.290000,4.000000,
4321.332000,4.000000,
4324.374000,4.000000,
4327.416000,4.000000,
4330.458000,4.000000,
4332.892000,4.000000,
4335.326000,4.000000,
4337.760000,4.000000,
4340.194000,4.000000,
4342.628000,4.000000,
4345.062000,4.000000,
4348.104000,4.000000,
4351.146000,4.000000,
4354.188000,4.000000,
4357.230000,4.000000,
4360.272000,4.000000,
4363.314000,4.000000,
4366.356000,4.000000,
4369.398000,4.000000,
4372.440000,4.000000,
4375.482000,4.000000,
4378.524000,4.000000,
4381.566000,4.000000,
4384.608000,4.000000,
4387.650000,4.000000,
4390.692000,4.000000,
4393.734000,4.000000,
4396.776000,4.000000,
4399.818000,4.000000,
4402.860000,4.000000,
4405.902000,4.000000,
4408.944000,4.000000,
4411.986000,4.000000,
4415.028000,4.000000,
4418.070000,4.000000,
4421.112000,4.000000,
4424.154000,4.000000,
4427.196000,4.000000,
4430.238000,4.000000,
4433.280000,4.000000,
4436.322000,4.000000,
4439.364000,4.000000,
4442.406000,4.000000,
4445.448000,4.000000,
4448.490000,4.000000,
4451.532000,4.000000,
4454.574000,4.000000,
4457.008000,4.000000,
4459.442000,4.000000,
4461.876000,4.000000,
4464.310000,4.000000,
4466.744000,4.000000,
4469.178000,4.000000,
4472.220000,4.000000,
4475.262000,4.000000,
4478.304000,4.000000,
4481.346000,4.000000,
4484.388000,4.000000,
4487.430000,4.000000,
4490.472000,4.000000,
4493.514000,4.000000,
4496.556000,4.000000,
4499.598000,4.000000,
4502.640000,4.000000,
4505.682000,4.000000,
4508.724000,4.000000,
4511.766000,4.000000,
4514.808000,4.000000,
4517.850000,4.000000,
4520.892000,4.000000,
4523.934000,4.000000,
4526.976000,4.000000,
4530.018000,4.000000,
4533.060000,4.000000,
4536.102000,4.000000,
4539.144000,4.000000,
4542.186000,4.000000,
4545.228000,4.000000,
4548.270000,4.000000,
4551.312000,4.000000,
4554.354000,4.000000,
4557.396000,4.000000,
4560.438000,4.000000,
4563.480000,4.000000,
4566.522000,4.000000,
4569.564000,4.000000,
4572.606000,4.000000,
4575.648000,4.000000,
4578.690000,4.000000,
4581.124000,4.000000,
4583.558000,4.000000,
4585.992000,4.000000,
4588.426000,4.000000,
4590.860000,4.000000,
4593.294000,4.000000,
4596.336000,4.000000,
4599.378000,4.000000,
4602.420000,4.000000,
4605.462000,4.000000,
4608.504000,4.000000,
4611.546000,4.000000,
4614.588000,4.000000,
4617.630000,4.000000,
4620.672000,4.000000,
4623.714000,4.000000,
4626.756000,4.000000,
4629.798000,4.000000,
4632.840000,4.000000,
4635.882000,4.000000,
4638.924000,4.000000,
4641.966000,4.000000,
4645.008000,4.000000,
4648.050000,4.000000,
4651.092000,4.000000,
4654.134000,4.000000,
4657.176000,4.000000,
4660.218000,4.000000,
4663.260000,4.000000,
4666.302000,4.000000,
4669.344000,4.000000,
4672.386000,4.000000,
4675.428000,4.000000,
4678.470000,4.000000,
4681.512000,4.000000,
4684.554000,4.000000,
4687.596000,4.000000,
4690.638000,4.000000,
4693.680000,4.000000,
4696.722000,4.000000,
4699.764000,4.000000,
4702.806000,4.000000,
4705.240000,4.000000,
4707.674000,4.000000,
4710.108000,4.000000,
4712.542000,4.000000,
4714.976000,4.000000,
4717.410000,4.000000,
4720.452000,4.000000,
4723.494000,4.000000,
4726.536000,4.000000,
4729.578000,4.000000,
4732.620000,4.000000,
4735.662000,4.000000,
4738.704000,4.000000,
4741.746000,4.000000,
4744.788000,4.000000,
4747.830000,4.000000,
4750.872000,4.000000,
4753.914000,4.000000,
4756.956000,4.000000,
4759.998000,4.000000,
4763.040000,4.000000,
4766.082000,4.000000,
4769.124000,4.000000,
4772.166000,4.000000,
4775.208000,4.000000,
4778.250000,4.000000,
4781.292000,4.000000,
4784.334000,4.000000,
4787.376000,4.000000,
4790.418000,4.000000,
4793.460000,4.000000,
4796.502000,4.000000,
4799.544000,4.000000,
4802.586000,4.000000,
4805.628000,4.000000,
4808.670000,4.000000,
4811.712000,4.000000,
4814.754000,4.000000,
4817.796000,4.000000,
4820.838000,4.000000,
4823.880000,4.000000,
4826.922000,4.000000,
4829.356000,4.000000,
4831.790000,4.000000,
4834.224000,4.000000,
4836.658000,4.000000,
4839.092000,4.000000,
4841.526000,4.000000,
4844.568000,4.000000,
4847.610000,4.000000,
4850.652000,4.000000,
4853.694000,4.000000,
4856.736000,4.000000,
4859.778000,4.000000,
4862.820000,4.000000,
4865.862000,4.000000,
4868.904000,4.000000,
4871.946000,4.000000,
4874.988000,4.000000,
4878.030000,4.000000,
4881.072000,4.000000,
4884.114000,4.000000,
4887.156000,4.000000,
4890.198000,4.000000,
4893.240000,4.000000,
4896.282000,4.000000,
4899.324000,4.000000,
4902.366000,4.000000,
4905.408000,4.000000,
4908.450000,4.000000,
4911.492000,4.000000,
4914.534000,4.000000,
4917.576000,4.000000,
4920.618000,4.000000,
4923.660000,4.000000,
4926.702000,4.000000,
4929.744000,4.000000,
4932.786000,4.000000,
4935.828000,4.000000,
4938.870000,4.000000,
4941.912000,4.000000,
4944.954000,4.000000,
4947.996000,4.000000,
4951.038000,4.000000,
4953.472000,4.000000,
4955.906000,4.000000,
4958.340000,4.000000,
4960.774000,4.000000,
4963.208000,4.000000,
4965.642000,4.000000,
4968.684000,4.000000,
4971.726000,4.000000,
4974.768000,4.000000,
4977.810000,4.000000,
4980.852000,4.000000,
4983.894000,4.000000,
4986.936000,4.000000,
4989.978000,4.000000,
4993.020000,4.000000,
4996.062000,4.000000,
4999.104000,4.000000,
5002.146000,4.000000,
5005.188000,4.000000,
5008.230000,4.000000,
5011.272000,4.000000,
5014.314000,4.000000,
5017.356000,4.000000,
5020.398000,4.000000,
5023.440000,4.000000,
5026.482000,4.000000,
5029.524000,4.000000,
5032.566000,4.000000,
5035.608000,4.000000,
5038.650000,4.000000,
5041.692000,4.000000,
5044.734000,4.000000,
5047.776000,4.000000,
5050.818000,4.000000,
5053.860000,4.000000,
5056.902000,4.000000,
5059.944000,4.000000,
5062.986000,4.000000,
5066.028000,4.000000,
5069.070000,4.000000,
5072.112000,4.000000,
5075.154000,4.000000,
5077.588000,4.000000,
5080.022000,4.000000,
5082.456000,4.000000,
5084.890000,4.000000,
5087.324000,4.000000,
5089.758000,4.000000,
5092.800000,4.000000,
5095.842000,4.000000,
5098.884000,4.000000,
5101.926000,4.000000,
5104.968000,4.000000,
5108.010000,4.000000,
5111.052000,4.000000,
5114.094000,4.000000,
5117.136000,4.000000,
5120.178000,4.000000,
5123.220000,4.000000,
5126.262000,4.000000,
5129.304000,4.000000,
5132.346000,4.000000,
5135.388000,4.000000,
5138.430000,4.000000,
5141.472000,4.000000,
5144.514000,4.000000,
5147.556000,4.000000,
5150.598000,4.000000,
5153.640000,4.000000,
5156.682000,4.000000,
5159.724000,4.000000,
5162.766000,4.000000,
5165.808000,4.000000,
5168.850000,4.000000,
5171.892000,4.000000,
5174.934000,4.000000,
5177.976000,4.000000,
5181.018000,4.000000,
5184.060000,4.000000,
5187.102000,4.000000,
5190.144000,4.000000,
5193.186000,4.000000,
5196.228000,4.000000,
5199.270000,4.000000,
5201.704000,4.000000,
5204.138000,4.000000,
5206.572000,4.000000,
5209.006000,4.000000,
5211.440000,4.000000,
5213.874000,4.000000,
5216.916000,4.000000,
5219.958000,4.000000,
5223.000000,4.000000,
5226.042000,4.000000,
5229.084000,4.000000,
5232.126000,4.000000,
5235.168000,4.000000,
5238.210000,4.000000,
5241.252000,4.000000,
5244.294000,4.000000,
5247.336000,4.000000,
5250.378000,4.000000,
5253.420000,4.000000,
5256.462000,4.000000,
5259.504000,4.000000,
5262.546000,4.000000,
5265.588000,4.000000,
5268.630000,4.000000,
5271.672000,4.000000,
5274.714000,4.000000,
5277.756000,4.000000,
5280.798000,4.000000,
5283.840000,4.000000,
5286.882000,4.000000,
5289.924000,4.000000,
5292.966000,4.000000,
5296.008000,4.000000,
5299.050000,4.000000,
5302.092000,4.000000,
5305.134000,4.000000,
5308.176000,4.000000,
5311.218000,4.000000,
5314.260000,4.000000,
5317.302000,4.000000,
5320.344000,4.000000,
5323.386000,4.000000,
5325.820000,4.000000,
5328.254000,4.000000,
5330.688000,4.000000,
5333.122000,4.000000,
5335.556000,4.000000,
5337.990000,4.000000,
5341.032000,4.000000,
5344.074000,4.000000,
5347.116000,4.000000,
5350.158000,4.000000,
5353.200000,4.000000,
5356.242000,4.000000,
5359.284000,4.000000,
5362.326000,4.000000,
5365.368000,4.000000,
5368.410000,4.000000,
5371.452000,4.000000,
5374.494000,4.000000,
5377.536000,4.000000,
5380.578000,4.000000,
5383.620000,4.000000,
5386.662000,4.000000,
5389.704000,4.000000,
5392.746000,4.000000,
5395.788000,4.000000,
5398.830000,4.000000,
5401.872000,4.000000,
5404.914000,4.000000,
5407.956000,4.000000,
5410.998000,4.000000,
5414.040000,4.000000,
5417.082000,4.000000,
5420.124000,4.000000,
5423.166000,4.000000,
5426.208000,4.000000,
5429.250000,4.000000,
5432.292000,4.000000,
5435.334000,4.000000,
5438.376000,4.000000,
5441.418000,4.000000,
5444.460000,4.000000,
5447.502000,4.000000,
5449.936000,4.000000,
5452.370000,4.000000,
5454.804000,4.000000,
5457.238000,4.000000,
5459.672000,4.000000,
5462.106000,4.000000,
5465.148000,4.000000,
5468.190000,4.000000,
5471.232000,4.000000,
5474.274000,4.000000,
5477.316000,4.000000,
5480.358000,4.000000,
5483.400000,4.000000,
5486.442000,4.000000,
5489.484000,4.000000,
5492.526000,4.000000,
5495.568000,4.000000,
5498.610000,4.000000,
5501.652000,4.000000,
5504.694000,4.000000,
5507.736000,4.000000,
5510.778000,4.000000,
5513.820000,4.000000,
5516.862000,4.000000,
5519.904000,4.000000,
5522.946000,4.000000,
5525.988000,4.000000,
5529.030000,4.000000,
5532.072000,4.000000,
5535.114000,4.000000,
5538.156000,4.000000,
5541.198000,4.000000,
5544.240000,4.000000,
5547.282000,4.000000,
5550.324000,4.000000,
5553.366000,4.000000,
5556.408000,4.000000,
5559.450000,4.000000,
5562.492000,4.000000,
5565.534000,4.000000,
5568.576000,4.000000,
5571.618000,4.000000,
5574.052000,4.000000,
5576.486000,4.000000,
5578.920000,4.000000,
5581.354000,4.000000,
5583.788000,4.000000,
5586.222000,4.000000,
5589.264000,4.000000,
5592.306000,4.000000,
5595.348000,4.000000,
5598.390000,4.000000,
5601.432000,4.000000,
5604.474000,4.000000,
5607.516000,4.000000,
5610.558000,4.000000,
5613.600000,4.000000,
5616.642000,4.000000,
5619.684000,4.000000,
5622.726000,4.000000,
5625.768000,4.000000,
5628.810000,4.000000,
5631.852000,4.000000,
5634.894000,4.000000,
5637.936000,4.000000,
5640.978000,4.000000,
5644.020000,4.000000,
5647.062000,4.000000,
5650.104000,4.000000,
5653.146000,4.000000,
5656.188000,4.000000,
5659.230000,4.000000,
5662.272000,4.000000,
5665.314000,4.000000,
5668.356000,4.000000,
5671.398000,4.000000,
5674.440000,4.000000,
5677.482000,4.000000,
5680.524000,4.000000,
5683.566000,4.000000,
5686.608000,4.000000,
5689.650000,4.000000,
5692.692000,4.000000,
5695.734000,4.000000,
5698.168000,4.000000,
5700.602000,4.000000,
5703.036000,4.000000,
5705.470000,4.000000,
5707.904000,4.000000,
5710.338000,4.000000,
5713.380000,4.000000,
5716.422000,4.000000,
5719.464000,4.000000,
5722.506000,4.000000,
5725.548000,4.000000,
5728.590000,4.000000,
5731.632000,4.000000,
5734.674000,4.000000,
5737.716000,4.000000,
5740.758000,4.000000,
5743.800000,4.000000,
5746.842000,4.000000,
5749.884000,4.000000,
5752.926000,4.000000,
5755.968000,4.000000,
5759.010000,4.000000,
5762.052000,4.000000,
5765.094000,4.000000,
5768.136000,4.000000,
5771.178000,4.000000,
5774.220000,4.000000,
5777.262000,4.000000,
5780.304000,4.000000,
5783.346000,4.000000,
5786.388000,4.000000,
5789.430000,4.000000,
5792.472000,4.000000,
5795.514000,4.000000,
5798.556000,4.000000,
5801.598000,4.000000,
5804.640000,4.000000,
5807.682000,4.000000,
5810.724000,4.000000,
5813.766000,4.000000,
5816.808000,4.000000,
5819.850000,4.000000,
5822.284000,4.000000,
5824.718000,4.000000,
5827.152000,4.000000,
5829.586000,4.000000,
5832.020000,4.000000,
5834.454000,4.000000,
5837.496000,4.000000,
5840.538000,4.000000,
5843.580000,4.000000,
5846.622000,4.000000,
5849.664000,4.000000,
5852.706000,4.000000,
5855.748000,4.000000,
5858.790000,4.000000,
5861.832000,4.000000,
5864.874000,4.000000,
5867.916000,4.000000,
5870.958000,4.000000,
5874.000000,4.000000,
5877.042000,4.000000,
5880.084000,4.000000,
5883.126000,4.000000,
5886.168000,4.000000,
5889.210000,4.000000,
5892.252000,4.000000,
5895.294000,4.000000,
5898.336000,4.000000,
5901.378000,4.000000,
5904.420000,4.000000,
5907.462000,4.000000,
5910.504000,4.000000,
5913.546000,4.000000,
5916.588000,4.000000,
5919.630000,4.000000,
5922.672000,4.000000,
5925.714000,4.000000,
5928.756000,4.000000,
5931.798000,4.000000,
5934.840000,4.000000,
5937.882000,4.000000,
5940.924000,4.000000,
5943.966000,4.000000,
5946.400000,4.000000,
5948.834000,4.000000,
5951.268000,4.000000,
5953.702000,4.000000,
5956.136000,4.000000,
5958.570000,4.000000,
5961.612000,4.000000,
5964.654000,4.000000,
5967.696000,4.000000,
5970.738000,4.000000,
5973.780000,4.000000,
5976.822000,4.000000,
5979.864000,4.000000,
5982.906000,4.000000,
5985.948000,4.000000,
5988.990000,4.000000,
5992.032000,4.000000,
5995.074000,4.000000,
5998.116000,4.000000,
6001.158000,4.000000,
6004.200000,4.000000,
6007.242000,4.000000,
6010.284000,4.000000,
6013.326000,4.000000,
6016.368000,4.000000,
6019.410000,4.000000,
6022.452000,4.000000,
6025.494000,4.000000,
6028.536000,4.000000,
6031.578000,4.000000,
6034.620000,4.000000,
6037.662000,4.000000,
6040.704000,4.000000,
6043.746000,4.000000,
6046.788000,4.000000,
6049.830000,4.000000,
6052.872000,4.000000,
6055.914000,4.000000,
6058.956000,4.000000,
6061.998000,4.000000,
6065.040000,4.000000,
6068.082000,4.000000,
6070.516000,4.000000,
6072.950000,4.000000,
6075.384000,4.000000,
6077.818000,4.000000,
6080.252000,4.000000,
6082.686000,4.000000,
6085.728000,4.000000,
6088.770000,4.000000,
6091.812000,4.000000,
6094.854000,4.000000,
6097.896000,4.000000,
6100.938000,4.000000,
6103.980000,4.000000,
6107.022000,4.000000,
6110.064000,4.000000,
6113.106000,4.000000,
6116.148000,4.000000,
6119.190000,4.000000,
6122.232000,4.000000,
6125.274000,4.000000,
6128.316000,4.000000,
6131.358000,4.000000,
6134.400000,4.000000,
6137.442000,4.000000,
6140.484000,4.000000,
6143.526000,4.000000,
6146.568000,4.000000,
6149.610000,4.000000,
6152.652000,4.000000,
6155.694000,4.000000,
6158.736000,4.000000,
6161.778000,4.000000,
6164.820000,4.000000,
6167.862000,4.000000,
6170.904000,4.000000,
6173.946000,4.000000,
6176.988000,4.000000,
6180.030000,4.000000,
6183.072000,4.000000,
6186.114000,4.000000,
6189.156000,4.000000,
6192.198000,4.000000,
6194.632000,4.000000,
6197.066000,4.000000,
6199.500000,4.000000,
6201.934000,4.000000,
6204.368000,4.000000,
6206.802000,4.000000,
6209.844000,4.000000,
6212.886000,4.000000,
6215.928000,4.000000,
6218.970000,4.000000,
6222.012000,4.000000,
6225.054000,4.000000,
6228.096000,4.000000,
6231.138000,4.000000,
6234.180000,4.000000,
6237.222000,4.000000,
6240.264000,4.000000,
6243.306000,4.000000,
6246.348000,4.000000,
6249.390000,4.000000,
6252.432000,4.000000,
6255.474000,4.000000,
6258.516000,4.000000,
6261.558000,4.000000,
6264.600000,4.000000,
6267.642000,4.000000,
6270.684000,4.000000,
6273.726000,4.000000,
6276.768000,4.000000,
6279.810000,4.000000,
6282.852000,4.000000,
6285.894000,4.000000,
6288.936000,4.000000,
6291.978000,4.000000,
6295.020000,4.000000,
6298.062000,4.000000,
6301.104000,4.000000,
6304.146000,4.000000,
6307.188000,4.000000,
6310.230000,4.000000,
6313.272000,4.000000,
6316.314000,4.000000,
6318.748000,4.000000,
6321.182000,4.000000,
6323.616000,4.000000,
6326.050000,4.000000,
6328.484000,4.000000,
6330.918000,4.000000,
6333.960000,4.000000,
6337.002000,4.000000,
6340.044000,4.000000,
6343.086000,4.000000,
6346.128000,4.000000,
6349.170000,4.000000,
6352.212000,4.000000,
6355.254000,4.000000,
6358.296000,4.000000,
6361.338000,4.000000,
6364.380000,4.000000,
6367.422000,4.000000,
6370.464000,4.000000,
6373.506000,4.000000,
6376.548000,4.000000,
6379.590000,4.000000,
6382.632000,4.000000,
6385.674000,4.000000,
6388.716000,4.000000,
6391.758000,4.000000,
6394.800000,4.000000,
6397.842000,4.000000,
6400.884000,4.000000,
6403.926000,4.000000,
6406.968000,4.000000,
6410.010000,4.000000,
6413.052000,4.000000,
6416.094000,4.000000,
6419.136000,4.000000,
6422.178000,4.000000,
6425.220000,4.000000,
6428.262000,4.000000,
6431.304000,4.000000,
6434.346000,4.000000,
6437.388000,4.000000,
6440.430000,4.000000,
6442.864000,4.000000,
6445.298000,4.000000,
6447.732000,4.000000,
6450.166000,4.000000,
6452.600000,4.000000,
6455.034000,4.000000,
6458.076000,4.000000,
6461.118000,4.000000,
6464.160000,4.000000,
6467.202000,4.000000,
6470.244000,4.000000,
6473.286000,4.000000,
6476.328000,4.000000,
6479.370000,4.000000,
6482.412000,4.000000,
6485.454000,4.000000,
6488.496000,4.000000,
6491.538000,4.000000,
6494.580000,4.000000,
6497.622000,4.000000,
6500.664000,4.000000,
6503.706000,4.000000,
6506.748000,4.000000,
6509.790000,4.000000,
6512.832000,4.000000,
6515.874000,4.000000,
6518.916000,4.000000,
6521.958000,4.000000,
6525.000000,4.000000,
6528.042000,4.000000,
6531.084000,4.000000,
6534.126000,4.000000,
6537.168000,4.000000,
6540.210000,4.000000,
6543.252000,4.000000,
6546.294000,4.000000,
6549.336000,4.000000,
6552.378000,4.000000,
6555.420000,4.000000,
6558.462000,4.000000,
6561.504000,4.000000,
6564.546000,4.000000,
6566.980000,4.000000,
6569.414000,4.000000,
6571.848000,4.000000,
6574.282000,4.000000,
6576.716000,4.000000,
6579.150000,4.000000,
6582.192000,4.000000,
6585.234000,4.000000,
6588.276000,4.000000,
6591.318000,4.000000,
6594.360000,4.000000,
6597.402000,4.000000,
6600.444000,4.000000,
6603.486000,4.000000,
6606.528000,4.000000,
6609.570000,4.000000,
6612.612000,4.000000,
6615.654000,4.000000,
6618.696000,4.000000,
6621.738000,4.000000,
6624.780000,4.000000,
6627.822000,4.000000,
6630.864000,4.000000,
6633.906000,4.000000,
6636.948000,4.000000,
6639.990000,4.000000,
6643.032000,4.000000,
6646.074000,4.000000,
6649.116000,4.000000,
6652.158000,4.000000,
6655.200000,4.000000,
6658.242000,4.000000,
6661.284000,4.000000,
6664.326000,4.000000,
6667.368000,4.000000,
6670.410000,4.000000,
6673.452000,4.000000,
6676.494000,4.000000,
6679.536000,4.000000,
6682.578000,4.000000,
6685.620000,4.000000,
6688.662000,4.000000,
6691.096000,4.000000,
6693.530000,4.000000,
6695.964000,4.000000,
6698.398000,4.000000,
6700.832000,4.000000,
6703.266000,4.000000,
6706.308000,4.000000,
6709.350000,4.000000,
6712.392000,4.000000,
6715.434000,4.000000,
6718.476000,4.000000,
6721.518000,4.000000,
6724.560000,4.000000,
6727.602000,4.000000,
6730.644000,4.000000,
6733.686000,4.000000,
6736.728000,4.000000,
6739.770000,4.000000,
6742.812000,4.000000,
6745.854000,4.000000,
6748.896000,4.000000,
6751.938000,4.000000,
6754.980000,4.000000,
6758.022000,4.000000,
6761.064000,4.000000,
6764.106000,4.000000,
6767.148000,4.000000,
6770.190000,4.000000,
6773.232000,4.000000,
6776.274000,4.000000,
6779.316000,4.000000,
6782.358000,4.000000,
6785.400000,4.000000,
6788.442000,4.000000,
6791.484000,4.000000,
6794.526000,4.000000,
6797.568000,4.000000,
6800.610000,4.000000,
6803.652000,4.000000,
6806.694000,4.000000,
6809.736000,4.000000,
6812.778000,4.000000,
6815.212000,4.000000,
6817.646000,4.000000,
6820.080000,4.000000,
6822.514000,4.000000,
6824.948000,4.000000,
6827.382000,4.000000,
6830.424000,4.000000,
6833.466000,4.000000,
6836.508000,4.000000,
6839.550000,4.000000,
6842.592000,4.000000,
6845.634000,4.000000,
6848.676000,4.000000,
6851.718000,4.000000,
6854.760000,4.000000,
6857.802000,4.000000,
6860.844000,4.000000,
6863.886000,4.000000,
6866.928000,4.000000,
6869.970000,4.000000,
6873.012000,4.000000,
6876.054000,4.000000,
6879.096000,4.000000,
6882.138000,4.000000,
6885.180000,4.000000,
6888.222000,4.000000,
6891.264000,4.000000,
6894.306000,4.000000,
6897.348000,4.000000,
6900.390000,4.000000,
6903.432000,4.000000,
6906.474000,4.000000,
6909.516000,4.000000,
6912.558000,4.000000,
6915.600000,4.000000,
6918.642000,4.000000,
6921.684000,4.000000,
6924.726000,4.000000,
6927.768000,4.000000,
6930.810000,4.000000,
6933.852000,4.000000,
6936.894000,4.000000,
6939.328000,4.000000,
6941.762000,4.000000,
6944.196000,4.000000,
6946.630000,4.000000,
6949.064000,4.000000,
6951.498000,4.000000,
6954.540000,4.000000,
6957.582000,4.000000,
6960.624000,4.000000,
6963.666000,4.000000,
6966.708000,4.000000,
6969.750000,4.000000,
6972.792000,4.000000,
6975.834000,4.000000,
6978.876000,4.000000,
6981.918000,4.000000,
6984.960000,4.000000,
6988.002000,4.000000,
6991.044000,4.000000,
6994.086000,4.000000,
6997.128000,4.000000,
7000.170000,4.000000,
7003.212000,4.000000,
7006.254000,4.000000,
7009.296000,4.000000,
7012.338000,4.000000,
7015.380000,4.000000,
7018.422000,4.000000,
7021.464000,4.000000,
7024.506000,4.000000,
7027.548000,4.000000,
7030.590000,4.000000,
7033.632000,4.000000,
7036.674000,4.000000,
7039.716000,4.000000,
7042.758000,4.000000,
7045.800000,4.000000,
7048.842000,4.000000,
7051.884000,4.000000,
7054.926000,4.000000,
7057.968000,4.000000,
7061.010000,4.000000,
7063.444000,4.000000,
7065.878000,4.000000,
7068.312000,4.000000,
7070.746000,4.000000,
7073.180000,4.000000,
7075.614000,4.000000,
7078.656000,4.000000,
7081.698000,4.000000,
7084.740000,4.000000,
7087.782000,4.000000,
7090.824000,4.000000,
7093.866000,4.000000,
7096.908000,4.000000,
7099.950000,4.000000,
7102.992000,4.000000,
7106.034000,4.000000,
7109.076000,4.000000,
7112.118000,4.000000,
7115.160000,4.000000,
7118.202000,4.000000,
7121.244000,4.000000,
7124.286000,4.000000,
7127.328000,4.000000,
7130.370000,4.000000,
7133.412000,4.000000,
7136.454000,4.000000,
7139.496000,4.000000,
7142.538000,4.000000,
7145.580000,4.000000,
7148.622000,4.000000,
7151.664000,4.000000,
7154.706000,4.000000,
7157.748000,4.000000,
7160.790000,4.000000,
7163.832000,4.000000,
7166.874000,4.000000,
7169.916000,4.000000,
7172.958000,4.000000,
7176.000000,4.000000,
7179.042000,4.000000,
7182.084000,4.000000,
7185.126000,4.000000,
7187.560000,4.000000,
7189.994000,4.000000,
7192.428000,4.000000,
7194.862000,4.000000,
7197.296000,4.000000,
7199.730000,4.000000,
7202.772000,4.000000,
7205.814000,4.000000,
7208.856000,4.000000,
7211.898000,4.000000,
7214.940000,4.000000,
7217.982000,4.000000,
7221.024000,4.000000,
7224.066000,4.000000,
7227.108000,4.000000,
7230.150000,4.000000,
7233.192000,4.000000,
7236.234000,4.000000,
7239.276000,4.000000,
7242.318000,4.000000,
7245.360000,4.000000,
7248.402000,4.000000,
7251.444000,4.000000,
7254.486000,4.000000,
7257.528000,4.000000,
7260.570000,4.000000,
7263.612000,4.000000,
7266.654000,4.000000,
7269.696000,4.000000,
7272.738000,4.000000,
7275.780000,4.000000,
7278.822000,4.000000,
7281.864000,4.000000,
7284.906000,4.000000,
7287.948000,4.000000,
7290.990000,4.000000,
7294.032000,4.000000,
7297.074000,4.000000,
7300.116000,4.000000,
7303.158000,4.000000,
7306.200000,4.000000,
7309.242000,4.000000,
7311.676000,4.000000,
7314.110000,4.000000,
7316.544000,4.000000,
7318.978000,4.000000,
7321.412000,4.000000,
7323.846000,4.000000,
7326.888000,4.000000,
7329.930000,4.000000,
7332.972000,4.000000,
7336.014000,4.000000,
7339.056000,4.000000,
7342.098000,4.000000,
7345.140000,4.000000,
7348.182000,4.000000,
7351.224000,4.000000,
7354.266000,4.000000,
7357.308000,4.000000,
7360.350000,4.000000,
7363.392000,4.000000,
7366.434000,4.000000,
7369.476000,4.000000,
7372.518000,4.000000,
7375.560000,4.000000,
7378.602000,4.000000,
7381.644000,4.000000,
7384.686000,4.000000,
7387.728000,4.000000,
7390.770000,4.000000,
7393.812000,4.000000,
7396.854000,4.000000,
7399.896000,4.000000,
7402.938000,4.000000,
7405.980000,4.000000,
7409.022000,4.000000,
7412.064000,4.000000,
7415.106000,4.000000,
7418.148000,4.000000,
7421.190000,4.000000,
7424.232000,4.000000,
7427.274000,4.000000,
7430.316000,4.000000,
7433.358000,4.000000,
7435.792000,4.000000,
7438.226000,4.000000,
7440.660000,4.000000,
7443.094000,4.000000,
7445.528000,4.000000,
7447.962000,4.000000,
7451.004000,4.000000,
7454.046000,4.000000,
7457.088000,4.000000,
7460.130000,4.000000,
7463.172000,4.000000,
7466.214000,4.000000,
7469.256000,4.000000,
7472.298000,4.000000,
7475.340000,4.000000,
7478.382000,4.000000,
7481.424000,4.000000,
7484.466000,4.000000,
7487.508000,4.000000,
7490.550000,4.000000,
7493.592000,4.000000,
7496.634000,4.000000,
7499.676000,4.000000,
7502.718000,4.000000,
7505.760000,4.000000,
7508.802000,4.000000,
7511.844000,4.000000,
7514.886000,4.000000,
7517.928000,4.000000,
7520.970000,4.000000,
7524.012000,4.000000,
7527.054000,4.000000,
7530.096000,4.000000,
7533.138000,4.000000,
7536.180000,4.000000,
7539.222000,4.000000,
7542.264000,4.000000,
7545.306000,4.000000,
7548.348000,4.000000,
7551.390000,4.000000,
7554.432000,4.000000,
7557.474000,4.000000,
7559.908000,4.000000,
7562.342000,4.000000,
7564.776000,4.000000,
7567.210000,4.000000,
7569.644000,4.000000,
7572.078000,4.000000,
7575.120000,4.000000,
7578.162000,4.000000,
7581.204000,4.000000,
7584.246000,4.000000,
7587.288000,4.000000,
7590.330000,4.000000,
7593.372000,4.000000,
7596.414000,4.000000,
7599.456000,4.000000,
7602.498000,4.000000,
7605.540000,4.000000,
7608.582000,4.000000,
7611.624000,4.000000,
7614.666000,4.000000,
7617.708000,4.000000,
7620.750000,4.000000,
7623.792000,4.000000,
7626.834000,4.000000,
7629.876000,4.000000,
7632.918000,4.000000,
7635.960000,4.000000,
7639.002000,4.000000,
7642.044000,4.000000,
7645.086000,4.000000,
7648.128000,4.000000,
7651.170000,4.000000,
7654.212000,4.000000,
7657.254000,4.000000,
7660.296000,4.000000,
7663.338000,4.000000,
7666.380000,4.000000,
7669.422000,4.000000,
7672.464000,4.000000,
7675.506000,4.000000,
7678.548000,4.000000,
7681.590000,4.000000,
7684.024000,4.000000,
7686.458000,4.000000,
7688.892000,4.000000,
7691.326000,4.000000,
7693.760000,4.000000,
7696.194000,4.000000,
7699.236000,4.000000,
7702.278000,4.000000,
7705.320000,4.000000,
7708.362000,4.000000,
7711.404000,4.000000,
7714.446000,4.000000,
7717.488000,4.000000,
7720.530000,4.000000,
7723.572000,4.000000,
7726.614000,4.000000,
7729.656000,4.000000,
7732.698000,4.000000,
7735.740000,4.000000,
7738.782000,4.000000,
7741.824000,4.000000,
7744.866000,4.000000,
7747.908000,4.000000,
7750.950000,4.000000,
7753.992000,4.000000,
7757.034000,4.000000,
7760.076000,4.000000,
7763.118000,4.000000,
7766.160000,4.000000,
7769.202000,4.000000,
7772.244000,4.000000,
7775.286000,4.000000,
7778.328000,4.000000,
7781.370000,4.000000,
7784.412000,4.000000,
7787.454000,4.000000,
7790.496000,4.000000,
7793.538000,4.000000,
7796.580000,4.000000,
7799.622000,4.000000,
7802.664000,4.000000,
7805.706000,4.000000,
7808.140000,4.000000,
7810.574000,4.000000,
7813.008000,4.000000,
7815.442000,4.000000,
7817.876000,4.000000,
7820.310000,4.000000,
7823.352000,4.000000,
7826.394000,4.000000,
7829.436000,4.000000,
7832.478000,4.000000,
7835.520000,4.000000,
7838.562000,4.000000,
7841.604000,4.000000,
7844.646000,4.000000,
7847.688000,4.000000,
7850.730000,4.000000,
7853.772000,4.000000,
7856.814000,4.000000,
7859.856000,4.000000,
7862.898000,4.000000,
7865.940000,4.000000,
7868.982000,4.000000,
7872.024000,4.000000,
7875.066000,4.000000,
7878.108000,4.000000,
7881.150000,4.000000,
7884.192000,4.000000,
7887.234000,4.000000,
7890.276000,4.000000,
7893.318000,4.000000,
7896.360000,4.000000,
7899.402000,4.000000,
7902.444000,4.000000,
7905.486000,4.000000,
7908.528000,4.000000,
7911.570000,4.000000,
7914.612000,4.000000,
7917.654000,4.000000,
7920.696000,4.000000,
7923.738000,4.000000,
7926.780000,4.000000,
7929.822000,4.000000,
7932.256000,4.000000,
7934.690000,4.000000,
7937.124000,4.000000,
7939.558000,4.000000,
7941.992000,4.000000,
7944.426000,4.000000,
7947.468000,4.000000,
7950.510000,4.000000,
7953.552000,4.000000,
7956.594000,4.000000,
7959.636000,4.000000,
7962.678000,4.000000,
7965.720000,4.000000,
7968.762000,4.000000,
7971.804000,4.000000,
7974.846000,4.000000,
7977.888000,4.000000,
7980.930000,4.000000,
7983.972000,4.000000,
7987.014000,4.000000,
7990.056000,4.000000,
7993.098000,4.000000,
7996.140000,4.000000,
7999.182000,4.000000,
8002.224000,4.000000,
8005.266000,4.000000,
8008.308000,4.000000,
8011.350000,4.000000,
8014.392000,4.000000,
8017.434000,4.000000,
8020.476000,4.000000,
8023.518000,4.000000,
8026.560000,4.000000,
8029.602000,4.000000,
8032.644000,4.000000,
8035.686000,4.000000,
8038.728000,4.000000,
8041.770000,4.000000,
8044.812000,4.000000,
8047.854000,4.000000,
8050.896000,4.000000,
8053.938000,4.000000,
8056.372000,4.000000,
8058.806000,4.000000,
8061.240000,4.000000,
8063.674000,4.000000,
8066.108000,4.000000,
8068.542000,4.000000,
8071.584000,4.000000,
8074.626000,4.000000,
8077.668000,4.000000,
8080.710000,4.000000,
8083.752000,4.000000,
8086.794000,4.000000,
8089.836000,4.000000,
8092.878000,4.000000,
8095.920000,4.000000,
8098.962000,4.000000,
8102.004000,4.000000,
8105.046000,4.000000,
8108.088000,4.000000,
8111.130000,4.000000,
8114.172000,4.000000,
8117.214000,4.000000,
8120.256000,4.000000,
8123.298000,4.000000,
8126.340000,4.000000,
8129.382000,4.000000,
8132.424000,4.000000,
8135.466000,4.000000,
8138.508000,4.000000,
8141.550000,4.000000,
8144.592000,4.000000,
8147.634000,4.000000,
8150.676000,4.000000,
8153.718000,4.000000,
8156.760000,4.000000,
8159.802000,4.000000,
8162.844000,4.000000,
8165.886000,4.000000,
8168.928000,4.000000,
8171.970000,4.000000,
8175.012000,4.000000,
8178.054000,4.000000,
8180.488000,4.000000,
8182.922000,4.000000,
8185.356000,4.000000,
8187.790000,4.000000,
8190.224000,4.000000,
8192.658000,4.000000,
8195.700000,4.000000,
8198.742000,4.000000,
8201.784000,4.000000,
8204.826000,4.000000,
8207.868000,4.000000,
8210.910000,4.000000,
8213.952000,4.000000,
8216.994000,4.000000,
8220.036000,4.000000,
8223.078000,4.000000,
8226.120000,4.000000,
8229.162000,4.000000,
8232.204000,4.000000,
8235.246000,4.000000,
8238.288000,4.000000,
8241.330000,4.000000,
8244.372000,4.000000,
8247.414000,4.000000,
8250.456000,4.000000,
8253.498000,4.000000,
8256.540000,4.000000,
8259.582000,4.000000,
8262.624000,4.000000,
8265.666000,4.000000,
8268.708000,4.000000,
8271.750000,4.000000,
8274.792000,4.000000,
8277.834000,4.000000,
8280.876000,4.000000,
8283.918000,4.000000,
8286.960000,4.000000,
8290.002000,4.000000,
8293.044000,4.000000,
8296.086000,4.000000,
8299.128000,4.000000,
8302.170000,4.000000,
8304.604000,4.000000,
8307.038000,4.000000,
8309.472000,4.000000,
8311.906000,4.000000,
8314.340000,4.000000,
8316.774000,4.000000,
8319.816000,4.000000,
8322.858000,4.000000,
8325.900000,4.000000,
8328.942000,4.000000,
8331.984000,4.000000,
8335.026000,4.000000,
8338.068000,4.000000,
8341.110000,4.000000,
8344.152000,4.000000,
8347.194000,4.000000,
8350.236000,4.000000,
8353.278000,4.000000,
8356.320000,4.000000,
8359.362000,4.000000,
8362.404000,4.000000,
8365.446000,4.000000,
8368.488000,4.000000,
8371.530000,4.000000,
8374.572000,4.000000,
8377.614000,4.000000,
8380.656000,4.000000,
8383.698000,4.000000,
8386.740000,4.000000,
8389.782000,4.000000,
8392.824000,4.000000,
8395.866000,4.000000,
8398.908000,4.000000,
8401.950000,4.000000,
8404.992000,4.000000,
8408.034000,4.000000,
8411.076000,4.000000,
8414.118000,4.000000,
8417.160000,4.000000,
8420.202000,4.000000,
8423.244000,4.000000,
8426.286000,4.000000,
8428.720000,4.000000,
8431.154000,4.000000,
8433.588000,4.000000,
8436.022000,4.000000,
8438.456000,4.000000,
8440.890000,4.000000,
8443.932000,4.000000,
8446.974000,4.000000,
8450.016000,4.000000,
8453.058000,4.000000,
8456.100000,4.000000,
8459.142000,4.000000,
8462.184000,4.000000,
8465.226000,4.000000,
8468.268000,4.000000,
8471.310000,4.000000,
8474.352000,4.000000,
8477.394000,4.000000,
8480.436000,4.000000,
8483.478000,4.000000,
8486.520000,4.000000,
8489.562000,4.000000,
8492.604000,4.000000,
8495.646000,4.000000,
8498.688000,4.000000,
8501.730000,4.000000,
8504.772000,4.000000,
8507.814000,4.000000,
8510.856000,4.000000,
8513.898000,4.000000,
8516.940000,4.000000,
8519.982000,4.000000,
8523.024000,4.000000,
8526.066000,4.000000,
8529.108000,4.000000,
8532.150000,4.000000,
8535.192000,4.000000,
8538.234000,4.000000,
8541.276000,4.000000,
8544.318000,4.000000,
8547.360000,4.000000,
8550.402000,4.000000,
8552.836000,4.000000,
8555.270000,4.000000,
8557.704000,4.000000,
8560.138000,4.000000,
8562.572000,4.000000,
8565.006000,4.000000,
8568.048000,4.000000,
8571.090000,4.000000,
8574.132000,4.000000,
8577.174000,4.000000,
8580.216000,4.000000,
8583.258000,4.000000,
8586.300000,4.000000,
8589.342000,4.000000,
8592.384000,4.000000,
8595.426000,4.000000,
8598.468000,4.000000,
8601.510000,4.000000,
8604.552000,4.000000,
8607.594000,4.000000,
8610.636000,4.000000,
8613.678000,4.000000,
8616.720000,4.000000,
8619.762000,4.000000,
8622.804000,4.000000,
8625.846000,4.000000,
8628.888000,4.000000,
8631.930000,4.000000,
8634.972000,4.000000,
8638.014000,4.000000,
8641.056000,4.000000,
8644.098000,4.000000,
8647.140000,4.000000,
8650.182000,4.000000,
8653.224000,4.000000,
8656.266000,4.000000,
8659.308000,4.000000,
8662.350000,4.000000,
8665.392000,4.000000,
8668.434000,4.000000,
8671.476000,4.000000,
8674.518000,4.000000,
8676.952000,4.000000,
8679.386000,4.000000,
8681.820000,4.000000,
8684.254000,4.000000,
8686.688000,4.000000,
8689.122000,4.000000,
8692.164000,4.000000,
8695.206000,4.000000,
8698.248000,4.000000,
8701.290000,4.000000,
8704.332000,4.000000,
8707.374000,4.000000,
8710.416000,4.000000,
8713.458000,4.000000,
8716.500000,4.000000,
8719.542000,4.000000,
8722.584000,4.000000,
8725.626000,4.000000,
8728.668000,4.000000,
8731.710000,4.000000,
8734.752000,4.000000,
8737.794000,4.000000,
8740.836000,4.000000,
8743.878000,4.000000,
8746.920000,4.000000,
8749.962000,4.000000,
8753.004000,4.000000,
8756.046000,4.000000,
8759.088000,4.000000,
8762.130000,4.000000,
8765.172000,4.000000,
8768.214000,4.000000,
8771.256000,4.000000,
8774.298000,4.000000,
8777.340000,4.000000,
8780.382000,4.000000,
8783.424000,4.000000,
8786.466000,4.000000,
8789.508000,4.000000,
8792.550000,4.000000,
8795.592000,4.000000,
8798.634000,4.000000,
8801.068000,4.000000,
8803.502000,4.000000,
8805.936000,4.000000,
8808.370000,4.000000,
8810.804000,4.000000,
8813.238000,4.000000,
8816.280000,4.000000,
8819.322000,4.000000,
8822.364000,4.000000,
8825.406000,4.000000,
8828.448000,4.000000,
8831.490000,4.000000,
8834.532000,4.000000,
8837.574000,4.000000,
8840.616000,4.000000,
8843.658000,4.000000,
8846.700000,4.000000,
8849.742000,4.000000,
8852.784000,4.000000,
8855.826000,4.000000,
8858.868000,4.000000,
8861.910000,4.000000,
8864.952000,4.000000,
8867.994000,4.000000,
8871.036000,4.000000,
8874.078000,4.000000,
8877.120000,4.000000,
8880.162000,4.000000,
8883.204000,4.000000,
8886.246000,4.000000,
8889.288000,4.000000,
8892.330000,4.000000,
8895.372000,4.000000,
8898.414000,4.000000,
8901.456000,4.000000,
8904.498000,4.000000,
8907.540000,4.000000,
8910.582000,4.000000,
8913.624000,4.000000,
8916.666000,4.000000,
8919.708000,4.000000,
8922.750000,4.000000,
8925.184000,4.000000,
8927.618000,4.000000,
8930.052000,4.000000,
8932.486000,4.000000,
8934.920000,4.000000,
8937.354000,4.000000,
8940.396000,4.000000,
8943.438000,4.000000,
8946.480000,4.000000,
8949.522000,4.000000,
8952.564000,4.000000,
8955.606000,4.000000,
8958.648000,4.000000,
8961.690000,4.000000,
8964.732000,4.000000,
8967.774000,4.000000,
8970.816000,4.000000,
8973.858000,4.000000,
8976.900000,4.000000,
8979.942000,4.000000,
8982.984000,4.000000,
8986.026000,4.000000,
8989.068000,4.000000,
8992.110000,4.000000,
8995.152000,4.000000,
8998.194000,4.000000,
9001.236000,4.000000,
9004.278000,4.000000,
9007.320000,4.000000,
9010.362000,4.000000,
9013.404000,4.000000,
9016.446000,4.000000,
9019.488000,4.000000,
9022.530000,4.000000,
9025.572000,4.000000,
9028.614000,4.000000,
9031.656000,4.000000,
9034.698000,4.000000,
9037.740000,4.000000,
9040.782000,4.000000,
9043.824000,4.000000,
9046.866000,4.000000,
9049.300000,4.000000,
9051.734000,4.000000,
9054.168000,4.000000,
9056.602000,4.000000,
9059.036000,4.000000,
9061.470000,4.000000,
9064.512000,4.000000,
9067.554000,4.000000,
9070.596000,4.000000,
9073.638000,4.000000,
9076.680000,4.000000,
9079.722000,4.000000,
9082.764000,4.000000,
9085.806000,4.000000,
9088.848000,4.000000,
9091.890000,4.000000,
9094.932000,4.000000,
9097.974000,4.000000,
9101.016000,4.000000,
9104.058000,4.000000,
9107.100000,4.000000,
9110.142000,4.000000,
9113.184000,4.000000,
9116.226000,4.000000,
9119.268000,4.000000,
9122.310000,4.000000,
9125.352000,4.000000,
9128.394000,4.000000,
9131.436000,4.000000,
9134.478000,4.000000,
9137.520000,4.000000,
9140.562000,4.000000,
9143.604000,4.000000,
9146.646000,4.000000,
9149.688000,4.000000,
9152.730000,4.000000,
9155.772000,4.000000,
9158.814000,4.000000,
9161.856000,4.000000,
9164.898000,4.000000,
9167.940000,4.000000,
9170.982000,4.000000,
9173.416000,4.000000,
9175.850000,4.000000,
9178.284000,4.000000,
9180.718000,4.000000,
9183.152000,4.000000,
9185.586000,4.000000,
9188.628000,4.000000,
9191.670000,4.000000,
9194.712000,4.000000,
9197.754000,4.000000,
9200.796000,4.000000,
9203.838000,4.000000,
9206.880000,4.000000,
9209.922000,4.000000,
9212.964000,4.000000,
9216.006000,4.000000,
9219.048000,4.000000,
9222.090000,4.000000,
9225.132000,4.000000,
9228.174000,4.000000,
9231.216000,4.000000,
9234.258000,4.000000,
9237.300000,4.000000,
9240.342000,4.000000,
9243.384000,4.000000,
9246.426000,4.000000,
9249.468000,4.000000,
9252.510000,4.000000,
9255.552000,4.000000,
9258.594000,4.000000,
9261.636000,4.000000,
9264.678000,4.000000,
9267.720000,4.000000,
9270.762000,4.000000,
9273.804000,4.000000,
9276.846000,4.000000,
9279.888000,4.000000,
9282.930000,4.000000,
9285.972000,4.000000,
9289.014000,4.000000,
9292.056000,4.000000,
9295.098000,4.000000,
9297.532000,4.000000,
9299.966000,4.000000,
9302.400000,4.000000,
9304.834000,4.000000,
9307.268000,4.000000,
9309.702000,4.000000,
9312.744000,4.000000,
9315.786000,4.000000,
9318.828000,4.000000,
9321.870000,4.000000,
9324.912000,4.000000,
9327.954000,4.000000,
9330.996000,4.000000,
9334.038000,4.000000,
9337.080000,4.000000,
9340.122000,4.000000,
9343.164000,4.000000,
9346.206000,4.000000,
9349.248000,4.000000,
9352.290000,4.000000,
9355.332000,4.000000,
9358.374000,4.000000,
9361.416000,4.000000,
9364.458000,4.000000,
9367.500000,4.000000,
9370.542000,4.000000,
9373.584000,4.000000,
9376.626000,4.000000,
9379.668000,4.000000,
9382.710000,4.000000,
9385.752000,4.000000,
9388.794000,4.000000,
9391.836000,4.000000,
9394.878000,4.000000,
9397.920000,4.000000,
9400.962000,4.000000,
9404.004000,4.000000,
9407.046000,4.000000,
9410.088000,4.000000,
9413.130000,4.000000,
9416.172000,4.000000,
9419.214000,4.000000,
9421.648000,4.000000,
9424.082000,4.000000,
9426.516000,4.000000,
9428.950000,4.000000,
9431.384000,4.000000,
9433.818000,4.000000,
9436.860000,4.000000,
9439.902000,4.000000,
9442.944000,4.000000,
9445.986000,4.000000,
9449.028000,4.000000,
9452.070000,4.000000,
9455.112000,4.000000,
9458.154000,4.000000,
9461.196000,4.000000,
9464.238000,4.000000,
9467.280000,4.000000,
9470.322000,4.000000,
9473.364000,4.000000,
9476.406000,4.000000,
9479.448000,4.000000,
9482.490000,4.000000,
9485.532000,4.000000,
9488.574000,4.000000,
9491.616000,4.000000,
9494.658000,4.000000,
9497.700000,4.000000,
9500.742000,4.000000,
9503.784000,4.000000,
9506.826000,4.000000,
9509.868000,4.000000,
9512.910000,4.000000,
9515.952000,4.000000,
9518.994000,4.000000,
9522.036000,4.000000,
9525.078000,4.000000,
9528.120000,4.000000,
9531.162000,4.000000,
9534.204000,4.000000,
9537.246000,4.000000,
9540.288000,4.000000,
9543.330000,4.000000,
9545.764000,4.000000,
9548.198000,4.000000,
9550.632000,4.000000,
9553.066000,4.000000,
9555.500000,4.000000,
9557.934000,4.000000,
9560.976000,4.000000,
9564.018000,4.000000,
9567.060000,4.000000,
9570.102000,4.000000,
9573.144000,4.000000,
9576.186000,4.000000,
9579.228000,4.000000,
9582.270000,4.000000,
9585.312000,4.000000,
9588.354000,4.000000,
9591.396000,4.000000,
9594.438000,4.000000,
9597.480000,4.000000,
9600.522000,4.000000,
9603.564000,4.000000,
9606.606000,4.000000,
9609.648000,4.000000,
9612.690000,4.000000,
9615.732000,4.000000,
9618.774000,4.000000,
9621.816000,4.000000,
9624.858000,4.000000,
9627.900000,4.000000,
9630.942000,4.000000,
9633.984000,4.000000,
9637.026000,4.000000,
9640.068000,4.000000,
9643.110000,4.000000,
9646.152000,4.000000,
9649.194000,4.000000,
9652.236000,4.000000,
9655.278000,4.000000,
9658.320000,4.000000,
9661.362000,4.000000,
9664.404000,4.000000,
9667.446000,4.000000,
9669.880000,4.000000,
9672.314000,4.000000,
9674.748000,4.000000,
9677.182000,4.000000,
9679.616000,4.000000,
9682.050000,4.000000,
9685.092000,4.000000,
9688.134000,4.000000,
9691.176000,4.000000,
9694.218000,4.000000,
9697.260000,4.000000,
9700.302000,4.000000,
9703.344000,4.000000,
9706.386000,4.000000,
9709.428000,4.000000,
9712.470000,4.000000,
9715.512000,4.000000,
9718.554000,4.000000,
9721.596000,4.000000,
9724.638000,4.000000,
9727.680000,4.000000,
9730.722000,4.000000,
9733.764000,4.000000,
9736.806000,4.000000,
9739.848000,4.000000,
9742.890000,4.000000,
9745.932000,4.000000,
9748.974000,4.000000,
9752.016000,4.000000,
9755.058000,4.000000,
9758.100000,4.000000,
9761.142000,4.000000,
9764.184000,4.000000,
9767.226000,4.000000,
9770.268000,4.000000,
9773.310000,4.000000,
9776.352000,4.000000,
9779.394000,4.000000,
9782.436000,4.000000,
9785.478000,4.000000,
9788.520000,4.000000,
9791.562000,4.000000,
9793.996000,4.000000,
9796.430000,4.000000,
9798.864000,4.000000,
9801.298000,4.000000,
9803.732000,4.000000,
9806.166000,4.000000,
9809.208000,4.000000,
9812.250000,4.000000,
9815.292000,4.000000,
9818.334000,4.000000,
9821.376000,4.000000,
9824.418000,4.000000,
9827.460000,4.000000,
9830.502000,4.000000,
9833.544000,4.000000,
9836.586000,4.000000,
9839.628000,4.000000,
9842.670000,4.000000,
9845.712000,4.000000,
9848.754000,4.000000,
9851.796000,4.000000,
9854.838000,4.000000,
9857.880000,4.000000,
9860.922000,4.000000,
9863.964000,4.000000,
9867.006000,4.000000,
9870.048000,4.000000,
9873.090000,4.000000,
9876.132000,4.000000,
9879.174000,4.000000,
9882.216000,4.000000,
9885.258000,4.000000,
9888.300000,4.000000,
9891.342000,4.000000,
9894.384000,4.000000,
9897.426000,4.000000,
9900.468000,4.000000,
9903.510000,4.000000,
9906.552000,4.000000,
9909.594000,4.000000,
9912.636000,4.000000,
9915.678000,4.000000,
9918.112000,4.000000,
9920.546000,4.000000,
9922.980000,4.000000,
9925.414000,4.000000,
9927.848000,4.000000,
9930.282000,4.000000,
9933.324000,4.000000,
9936.366000,4.000000,
9939.408000,4.000000,
9942.450000,4.000000,
9945.492000,4.000000,
9948.534000,4.000000,
9951.576000,4.000000,
9954.618000,4.000000,
9957.660000,4.000000,
9960.702000,4.000000,
9963.744000,4.000000,
9966.786000,4.000000,
9969.828000,4.000000,
9972.870000,4.000000,
9975.912000,4.000000,
9978.954000,4.000000,
9981.996000,4.000000,
9985.038000,4.000000,
9988.080000,4.000000,
9991.122000,4.000000,
9994.164000,4.000000,
9997.206000,4.000000,
