#Type=Line
#Heading=Link_1_Throughput
#XLabel=Time (ms)
#Num_Y=1
#YLabel=Throughput (Mbps)
0,0,
20.021200,0.027970,
20.031800,0.055911,
20.062960,0.082141,
20.302800,0.682467,
20.313080,0.708115,
40.254160,0.660603,
40.264440,0.673547,
60.254160,0.652702,
60.264440,0.661352,
80.254160,0.648739,
80.264440,0.655234,
100.254160,0.646357,
100.264440,0.651557,
120.254160,0.644768,
120.264440,0.649103,
140.254160,0.643632,
140.264440,0.647349,
160.254160,0.642779,
160.264440,0.646032,
180.254160,0.642116,
180.264440,0.645008,
200.254160,0.641585,
200.264440,0.644188,
220.254160,0.641150,
220.264440,0.643517,
240.254160,0.640788,
240.264440,0.642958,
260.254160,0.640482,
260.264440,0.642485,
760.530316,0.235920,
760.540596,0.236611,
760.805036,0.252575,
760.815316,0.253265,
760.928076,0.269271,
760.938356,0.269961,
761.079756,0.285952,
761.090036,0.286642,
761.202796,0.302637,
761.213076,0.303326,
761.325836,0.319317,
761.336116,0.320006,
761.448876,0.335991,
761.459156,0.336680,
761.571916,0.352660,
761.582196,0.353349,
761.694956,0.369324,
761.705236,0.370012,
761.817996,0.385982,
761.828276,0.386670,
761.941036,0.402635,
761.951316,0.403322,
762.064076,0.419282,
762.074356,0.419970,
762.187116,0.435924,
762.197396,0.436611,
762.310156,0.452561,
762.320436,0.453248,
762.433196,0.469193,
762.443476,0.469879,
762.556236,0.485819,
762.566516,0.486504,
762.679276,0.502439,
762.689556,0.503125,
762.802316,0.519055,
762.812596,0.519740,
762.925356,0.535664,
762.935636,0.536349,
763.048396,0.552269,
763.058676,0.552954,
763.171436,0.568868,
763.181716,0.569552,
763.294476,0.585462,
763.304756,0.586146,
763.417516,0.602051,
763.427796,0.602734,
763.540556,0.618634,
763.550836,0.619317,
763.663596,0.635212,
763.673876,0.635894,
763.786636,0.651784,
763.796916,0.652467,
780.254160,0.654351,
780.264440,0.655019,
800.254160,0.653912,
800.264440,0.654564,
820.254160,0.653495,
820.264440,0.654131,
840.254160,0.653098,
840.264440,0.653718,
860.254160,0.652719,
860.264440,0.653325,
880.254160,0.652357,
880.264440,0.652949,
900.254160,0.652011,
900.264440,0.652590,
920.254160,0.651681,
1420.679760,0.430723,
1420.690040,0.431092,
1420.954480,0.439603,
1420.964760,0.439972,
1421.077520,0.448527,
1421.087800,0.448896,
1421.229200,0.457441,
1421.239480,0.457809,
1421.352240,0.466362,
1421.362520,0.466730,
1421.475280,0.475281,
1421.485560,0.475649,
1421.598320,0.484199,
1421.608600,0.484567,
1421.721360,0.493115,
1421.731640,0.493483,
1421.844400,0.502030,
1421.854680,0.502397,
1421.967440,0.510943,
1421.977720,0.511310,
1422.090480,0.519854,
1422.100760,0.520222,
1422.213520,0.528764,
1422.223800,0.529132,
1422.336560,0.537673,
1422.346840,0.538040,
1422.459600,0.546580,
1422.469880,0.546947,
1422.582640,0.555485,
1422.592920,0.555853,
1422.705680,0.564389,
1422.715960,0.564756,
1422.828720,0.573292,
1422.839000,0.573659,
1422.951760,0.582193,
1422.962040,0.582559,
1423.074800,0.591092,
1423.085080,0.591459,
1423.197840,0.599990,
1423.208120,0.600356,
1423.320880,0.608886,
1423.331160,0.609252,
1423.443920,0.617781,
1423.454200,0.618147,
1423.566960,0.626674,
1423.577240,0.627040,
1423.690000,0.635565,
1423.700280,0.635932,
1423.813040,0.644455,
1423.823320,0.644822,
1423.936080,0.653344,
1423.946360,0.653710,
1440.254160,0.654784,
1440.264440,0.655146,
1460.254160,0.654538,
1460.264440,0.654895,
1480.254160,0.654298,
1480.264440,0.654651,
1500.254160,0.654065,
1500.264440,0.654413,
1520.254160,0.653838,
1520.264440,0.654181,
1540.254160,0.653617,
1540.264440,0.653955,
1560.254160,0.653401,
1560.264440,0.653735,
1580.254160,0.653191,
1580.264440,0.653521,
1600.254160,0.652986,
1600.264440,0.653312,
1620.254160,0.652786,
1620.264440,0.653108,
1640.254160,0.652592,
1640.264440,0.652909,
1660.254160,0.652401,
1660.264440,0.652715,
1680.254160,0.652216,
1680.264440,0.652526,
1700.254160,0.652034,
1700.264440,0.652341,
1720.254160,0.651857,
1720.264440,0.652160,
1740.254160,0.651684,
1740.264440,0.651984,
1760.254160,0.651515,
1760.264440,0.651811,
1780.254160,0.651350,
1780.264440,0.651643,
1800.254160,0.651188,
1800.264440,0.651478,
1820.254160,0.651030,
1820.264440,0.651316,
1840.254160,0.650875,
1840.264440,0.651159,
1860.254160,0.650724,
1860.264440,0.651004,
1880.254160,0.650576,
1880.264440,0.650853,
1900.254160,0.650431,
1900.264440,0.650705,
1920.254160,0.650289,
1920.264440,0.650560,
1940.254160,0.650150,
1940.264440,0.650419,
1960.254160,0.650014,
1960.264440,0.650280,
1980.254160,0.649880,
1980.264440,0.650143,
2000.254160,0.649749,
2000.264440,0.650010,
2020.254160,0.649621,
2020.264440,0.649879,
2040.254160,0.649496,
2040.264440,0.649751,
2060.254160,0.649372,
2060.264440,0.649625,
2080.254160,0.649251,
2080.264440,0.649502,
2100.254160,0.649133,
2100.264440,0.649381,
2120.254160,0.649017,
2120.264440,0.649262,
2140.254160,0.648902,
2140.264440,0.649146,
2160.254160,0.648790,
2160.264440,0.649032,
2180.254160,0.648680,
2180.264440,0.648919,
2200.254160,0.648572,
2200.264440,0.648809,
2220.254160,0.648466,
2220.264440,0.648701,
2240.254160,0.648362,
2240.264440,0.648595,
2260.254160,0.648260,
2260.264440,0.648490,
2280.254160,0.648159,
2280.264440,0.648388,
2300.254160,0.648061,
2300.264440,0.648287,
2320.254160,0.647963,
2320.264440,0.648188,
2340.254160,0.647868,
2340.264440,0.648091,
2360.254160,0.647774,
2360.264440,0.647995,
2380.254160,0.647682,
2380.264440,0.647901,
2400.254160,0.647591,
2400.264440,0.647809,
2420.254160,0.647502,
2420.264440,0.647718,
2440.254160,0.647415,
2440.264440,0.647628,
2460.254160,0.647328,
2460.264440,0.647540,
2480.254160,0.647243,
2480.264440,0.647454,
2500.254160,0.647160,
2500.264440,0.647368,
2520.254160,0.647078,
2520.264440,0.647284,
2540.254160,0.646997,
2540.264440,0.647202,
2560.254160,0.646917,
2560.264440,0.647121,
2580.254160,0.646839,
2580.264440,0.647041,
2600.254160,0.646761,
2600.264440,0.646962,
2620.254160,0.646685,
2620.264440,0.646884,
2640.254160,0.646610,
2640.264440,0.646808,
2660.254160,0.646537,
2660.264440,0.646733,
2680.254160,0.646464,
2680.264440,0.646659,
2700.254160,0.646392,
2700.264440,0.646586,
2720.254160,0.646322,
2720.264440,0.646514,
2740.254160,0.646252,
2740.264440,0.646443,
2760.254160,0.646184,
2760.264440,0.646373,
2780.254160,0.646116,
2780.264440,0.646304,
2800.254160,0.646050,
2800.264440,0.646236,
2820.254160,0.645984,
2820.264440,0.646169,
2840.254160,0.645920,
2840.264440,0.646103,
2860.254160,0.645856,
2860.264440,0.646038,
2880.254160,0.645793,
2880.264440,0.645974,
2900.254160,0.645731,
2900.264440,0.645911,
2920.254160,0.645670,
2920.264440,0.645848,
2940.254160,0.645609,
2940.264440,0.645787,
2960.254160,0.645550,
2960.264440,0.645726,
2980.254160,0.645491,
2980.264440,0.645666,
3000.254160,0.645433,
3000.264440,0.645607,
3020.254160,0.645376,
3020.264440,0.645549,
3040.254160,0.645320,
3040.264440,0.645491,
3060.254160,0.645264,
3060.264440,0.645434,
3080.254160,0.645209,
3080.264440,0.645378,
3100.254160,0.645155,
3100.264440,0.645323,
3120.254160,0.645101,
3120.264440,0.645268,
3140.254160,0.645048,
3140.264440,0.645214,
3160.254160,0.644996,
3160.264440,0.645161,
3180.254160,0.644945,
3180.264440,0.645109,
3200.254160,0.644894,
3200.264440,0.645057,
3220.254160,0.644844,
3220.264440,0.645005,
3240.254160,0.644794,
3240.264440,0.644955,
3260.254160,0.644745,
3260.264440,0.644905,
3280.254160,0.644696,
3280.264440,0.644855,
3300.254160,0.644649,
3300.264440,0.644807,
3320.254160,0.644601,
3320.264440,0.644758,
3340.254160,0.644555,
3340.264440,0.644711,
3360.254160,0.644508,
3360.264440,0.644664,
3380.254160,0.644463,
3380.264440,0.644617,
3400.254160,0.644418,
3400.264440,0.644571,
3420.254160,0.644373,
3420.264440,0.644526,
3940.528881,0.562528,
3940.539161,0.562660,
3940.803601,0.565720,
3940.813881,0.565853,
3940.926641,0.568934,
3940.936921,0.569067,
3941.078321,0.572144,
3941.088601,0.572276,
3941.201361,0.575358,
3941.211641,0.575490,
3941.324401,0.578571,
3941.334681,0.578703,
3941.447441,0.581784,
3941.457721,0.581917,
3941.570481,0.584997,
3941.580761,0.585130,
3941.693521,0.588210,
3941.703801,0.588343,
3941.816561,0.591423,
3941.826841,0.591555,
3941.939601,0.594635,
3941.949881,0.594768,
3942.062641,0.597847,
3942.072921,0.597980,
3942.185681,0.601059,
3942.195961,0.601192,
3942.308721,0.604271,
3942.319001,0.604404,
3942.431761,0.607483,
3942.442041,0.607615,
3942.554801,0.610694,
3942.565081,0.610827,
3942.677841,0.613906,
3942.688121,0.614038,
3942.800881,0.617117,
3942.811161,0.617249,
3942.923921,0.620327,
3942.934201,0.620460,
3943.046961,0.623538,
3943.057241,0.623670,
3943.170001,0.626749,
3943.180281,0.626881,
3943.293041,0.629959,
3943.303321,0.630091,
3943.416081,0.633169,
3943.426361,0.633301,
3943.539121,0.636379,
3943.549401,0.636511,
3943.662161,0.639588,
3943.672441,0.639720,
3943.785201,0.642798,
3943.795481,0.642930,
3960.254160,0.643341,
3960.264440,0.643472,
3980.254160,0.643308,
3980.264440,0.643439,
4000.254160,0.643275,
4000.264440,0.643405,
4020.254160,0.643243,
4020.264440,0.643373,
4040.254160,0.643211,
4040.264440,0.643340,
4060.254160,0.643179,
4060.264440,0.643308,
4080.254160,0.643148,
4080.264440,0.643276,
4100.254160,0.643117,
4100.264440,0.643244,
4120.254160,0.643087,
4120.264440,0.643213,
4140.254160,0.643056,
4140.264440,0.643182,
4160.254160,0.643026,
4160.264440,0.643151,
4180.254160,0.642996,
4180.264440,0.643121,
4200.254160,0.642967,
4200.264440,0.643091,
4220.254160,0.642938,
4220.264440,0.643061,
4240.254160,0.642909,
4240.264440,0.643032,
4260.254160,0.642880,
4260.264440,0.643002,
4280.254160,0.642852,
4280.264440,0.642973,
4300.254160,0.642823,
4300.264440,0.642945,
4320.254160,0.642796,
4320.264440,0.642916,
4340.254160,0.642768,
4340.264440,0.642888,
4360.254160,0.642741,
4360.264440,0.642860,
4380.254160,0.642713,
4380.264440,0.642832,
4400.254160,0.642687,
4400.264440,0.642805,
4420.254160,0.642660,
4420.264440,0.642778,
4440.254160,0.642633,
4440.264440,0.642751,
4460.254160,0.642607,
4460.264440,0.642724,
4480.254160,0.642581,
4480.264440,0.642698,
4500.254160,0.642556,
4500.264440,0.642672,
4520.254160,0.642530,
4520.264440,0.642646,
4540.254160,0.642505,
4540.264440,0.642620,
4560.254160,0.642480,
4560.264440,0.642594,
4580.254160,0.642455,
4580.264440,0.642569,
4600.254160,0.642431,
4600.264440,0.642544,
4620.254160,0.642406,
4620.264440,0.642519,
4640.254160,0.642382,
4640.264440,0.642494,
4660.254160,0.642358,
4660.264440,0.642470,
4680.254160,0.642334,
4680.264440,0.642446,
4700.254160,0.642311,
4700.264440,0.642422,
4720.254160,0.642287,
4720.264440,0.642398,
4740.254160,0.642264,
4740.264440,0.642374,
4760.254160,0.642241,
4760.264440,0.642351,
4780.254160,0.642219,
4780.264440,0.642328,
4800.254160,0.642196,
4800.264440,0.642305,
4820.254160,0.642174,
4820.264440,0.642282,
4840.254160,0.642151,
4840.264440,0.642259,
4860.254160,0.642129,
4860.264440,0.642237,
4880.254160,0.642108,
4880.264440,0.642214,
4900.254160,0.642086,
4900.264440,0.642192,
4920.254160,0.642064,
4920.264440,0.642170,
4940.254160,0.642043,
4940.264440,0.642149,
4960.254160,0.642022,
4960.264440,0.642127,
4980.254160,0.642001,
4980.264440,0.642106,
5000.254160,0.641980,
5000.264440,0.642084,
5020.254160,0.641960,
5020.264440,0.642063,
5040.254160,0.641939,
5040.264440,0.642043,
5060.254160,0.641919,
5060.264440,0.642022,
5080.254160,0.641899,
5080.264440,0.642001,
5100.254160,0.641879,
5100.264440,0.641981,
5120.254160,0.641859,
5120.264440,0.641961,
5140.254160,0.641839,
5140.264440,0.641941,
5160.254160,0.641820,
5160.264440,0.641921,
5180.254160,0.641800,
5180.264440,0.641901,
5200.254160,0.641781,
5200.264440,0.641881,
5220.254160,0.641762,
5220.264440,0.641862,
5240.254160,0.641743,
5240.264440,0.641842,
5260.254160,0.641724,
5260.264440,0.641823,
5280.254160,0.641705,
5280.264440,0.641804,
5300.254160,0.641687,
5300.264440,0.641785,
5320.254160,0.641669,
5320.264440,0.641767,
5340.254160,0.641650,
5340.264440,0.641748,
5360.254160,0.641632,
5360.264440,0.641730,
5380.254160,0.641614,
5380.264440,0.641711,
5400.254160,0.641596,
5400.264440,0.641693,
5420.254160,0.641579,
5420.264440,0.641675,
5440.254160,0.641561,
5440.264440,0.641657,
5460.254160,0.641544,
5460.264440,0.641639,
5480.254160,0.641526,
5480.264440,0.641622,
5500.254160,0.641509,
5500.264440,0.641604,
5520.254160,0.641492,
5520.264440,0.641587,
5540.254160,0.641475,
5540.264440,0.641569,
5560.254160,0.641458,
5560.264440,0.641552,
5580.254160,0.641442,
5580.264440,0.641535,
5600.254160,0.641425,
5600.264440,0.641518,
5620.254160,0.641409,
5620.264440,0.641501,
5640.254160,0.641392,
5640.264440,0.641485,
5660.254160,0.641376,
5660.264440,0.641468,
5680.254160,0.641360,
5680.264440,0.641452,
5700.254160,0.641344,
5700.264440,0.641436,
5720.254160,0.641328,
5720.264440,0.641419,
5740.254160,0.641312,
5740.264440,0.641403,
5760.254160,0.641297,
5760.264440,0.641387,
5780.254160,0.641281,
5780.264440,0.641371,
5800.254160,0.641266,
5800.264440,0.641356,
5820.254160,0.641250,
5820.264440,0.641340,
5840.254160,0.641235,
5840.264440,0.641324,
5860.254160,0.641220,
5860.264440,0.641309,
5880.254160,0.641205,
5880.264440,0.641294,
5900.254160,0.641190,
5900.264440,0.641278,
5920.254160,0.641175,
5920.264440,0.641263,
5940.254160,0.641160,
5940.264440,0.641248,
5960.254160,0.641146,
5960.264440,0.641233,
5980.254160,0.641131,
5980.264440,0.641218,
6000.254160,0.641117,
6000.264440,0.641204,
6020.254160,0.641103,
6020.264440,0.641189,
6040.254160,0.641088,
6040.264440,0.641175,
6060.254160,0.641074,
6060.264440,0.641160,
6080.254160,0.641060,
6080.264440,0.641146,
6100.254160,0.641046,
6100.264440,0.641132,
6120.254160,0.641032,
6120.264440,0.641117,
6140.254160,0.641018,
6140.264440,0.641103,
6160.254160,0.641005,
6160.264440,0.641089,
6180.254160,0.640991,
6180.264440,0.641075,
6200.254160,0.640978,
6200.264440,0.641062,
6220.254160,0.640964,
6220.264440,0.641048,
6240.254160,0.640951,
6240.264440,0.641034,
6260.254160,0.640938,
6260.264440,0.641021,
6280.254160,0.640924,
6280.264440,0.641007,
6300.254160,0.640911,
6300.264440,0.640994,
6320.254160,0.640898,
6320.264440,0.640981,
6340.254160,0.640885,
6340.264440,0.640968,
6360.254160,0.640873,
6360.264440,0.640954,
6380.254160,0.640860,
6380.264440,0.640941,
6400.254160,0.640847,
6400.264440,0.640929,
6420.254160,0.640834,
6420.264440,0.640916,
6440.254160,0.640822,
6440.264440,0.640903,
6460.254160,0.640809,
6460.264440,0.640890,
6480.254160,0.640797,
6480.264440,0.640878,
6500.254160,0.640785,
6500.264440,0.640865,
6520.254160,0.640773,
6520.264440,0.640853,
6540.254160,0.640760,
6540.264440,0.640840,
6560.254160,0.640748,
6560.264440,0.640828,
6580.254160,0.640736,
6580.264440,0.640816,
6600.254160,0.640724,
6600.264440,0.640803,
6620.254160,0.640713,
6620.264440,0.640791,
6640.254160,0.640701,
6640.264440,0.640779,
6660.254160,0.640689,
6660.264440,0.640767,
6680.254160,0.640677,
6680.264440,0.640755,
6700.254160,0.640666,
6700.264440,0.640744,
6720.254160,0.640654,
6720.264440,0.640732,
6740.254160,0.640643,
6740.264440,0.640720,
6760.254160,0.640632,
6760.264440,0.640709,
6780.254160,0.640620,
6780.264440,0.640697,
6800.254160,0.640609,
6800.264440,0.640686,
6820.254160,0.640598,
6820.264440,0.640674,
6840.254160,0.640587,
6840.264440,0.640663,
6860.254160,0.640576,
6860.264440,0.640652,
6880.254160,0.640565,
6880.264440,0.640640,
6900.254160,0.640554,
6900.264440,0.640629,
6920.254160,0.640543,
6920.264440,0.640618,
6940.254160,0.640532,
6940.264440,0.640607,
6960.254160,0.640521,
6960.264440,0.640596,
6980.254160,0.640511,
6980.264440,0.640585,
7000.254160,0.640500,
7000.264440,0.640575,
7020.254160,0.640490,
7020.264440,0.640564,
7040.254160,0.640479,
7040.264440,0.640553,
7060.254160,0.640469,
7060.264440,0.640543,
7080.254160,0.640458,
7080.264440,0.640532,
7100.254160,0.640448,
7100.264440,0.640521,
7120.254160,0.640438,
7120.264440,0.640511,
7140.254160,0.640428,
7140.264440,0.640501,
7160.254160,0.640417,
7160.264440,0.640490,
7180.254160,0.640407,
7180.264440,0.640480,
7200.254160,0.640397,
7200.264440,0.640470,
7220.254160,0.640387,
7220.264440,0.640460,
7240.254160,0.640378,
7240.264440,0.640450,
7260.254160,0.640368,
7260.264440,0.640439,
7280.254160,0.640358,
7280.264440,0.640429,
7300.254160,0.640348,
7300.264440,0.640420,
7320.254160,0.640338,
7320.264440,0.640410,
7340.254160,0.640329,
7340.264440,0.640400,
7360.254160,0.640319,
7360.264440,0.640390,
7380.254160,0.640310,
7380.264440,0.640380,
7400.254160,0.640300,
7400.264440,0.640371,
7420.254160,0.640291,
7420.264440,0.640361,
7440.254160,0.640281,
7440.264440,0.640351,
7460.254160,0.640272,
7460.264440,0.640342,
7480.254160,0.640263,
7480.264440,0.640332,
7500.254160,0.640254,
7500.264440,0.640323,
7520.254160,0.640244,
7520.264440,0.640314,
7540.254160,0.640235,
7540.264440,0.640304,
7560.254160,0.640226,
7560.264440,0.640295,
7580.254160,0.640217,
7580.264440,0.640286,
7600.254160,0.640208,
7600.264440,0.640277,
7620.254160,0.640199,
7620.264440,0.640268,
7640.254160,0.640190,
7640.264440,0.640258,
7660.254160,0.640181,
7660.264440,0.640249,
7680.254160,0.640173,
7680.264440,0.640240,
7700.254160,0.640164,
7700.264440,0.640232,
7720.254160,0.640155,
7720.264440,0.640223,
7740.254160,0.640146,
7740.264440,0.640214,
7760.254160,0.640138,
7760.264440,0.640205,
7780.254160,0.640129,
7780.264440,0.640196,
7800.254160,0.640121,
7800.264440,0.640188,
7820.254160,0.640112,
7820.264440,0.640179,
7840.254160,0.640104,
7840.264440,0.640170,
7860.254160,0.640095,
7860.264440,0.640162,
7880.254160,0.640087,
7880.264440,0.640153,
7900.254160,0.640079,
7900.264440,0.640145,
7920.254160,0.640070,
7920.264440,0.640136,
7940.254160,0.640062,
7940.264440,0.640128,
7960.254160,0.640054,
7960.264440,0.640119,
7980.254160,0.640046,
7980.264440,0.640111,
8000.254160,0.640038,
8000.264440,0.640103,
8020.254160,0.640030,
8020.264440,0.640095,
8040.254160,0.640022,
8040.264440,0.640086,
8060.254160,0.640014,
8060.264440,0.640078,
8080.254160,0.640006,
8080.264440,0.640070,
8100.254160,0.639998,
8100.264440,0.640062,
8120.254160,0.639990,
8120.264440,0.640054,
8140.254160,0.639982,
8140.264440,0.640046,
8160.254160,0.639974,
8160.264440,0.640038,
8180.254160,0.639966,
8180.264440,0.640030,
8200.254160,0.639959,
8200.264440,0.640022,
8220.254160,0.639951,
8220.264440,0.640014,
8240.254160,0.639943,
8240.264440,0.640007,
8260.254160,0.639936,
8260.264440,0.639999,
8280.254160,0.639928,
8280.264440,0.639991,
8300.254160,0.639921,
8300.264440,0.639983,
8320.254160,0.639913,
8320.264440,0.639976,
8340.254160,0.639906,
8340.264440,0.639968,
8360.254160,0.639898,
8360.264440,0.639961,
8380.254160,0.639891,
8380.264440,0.639953,
8400.254160,0.639883,
8400.264440,0.639946,
8420.254160,0.639876,
8420.264440,0.639938,
8440.254160,0.639869,
8440.264440,0.639931,
8460.254160,0.639862,
8460.264440,0.639923,
8480.254160,0.639854,
8480.264440,0.639916,
8500.254160,0.639847,
8500.264440,0.639909,
8520.254160,0.639840,
8520.264440,0.639901,
8540.254160,0.639833,
8540.264440,0.639894,
8560.254160,0.639826,
8560.264440,0.639887,
8580.254160,0.639819,
8580.264440,0.639880,
8600.254160,0.639812,
8600.264440,0.639872,
8620.254160,0.639805,
8620.264440,0.639865,
8640.254160,0.639798,
8640.264440,0.639858,
8660.254160,0.639791,
8660.264440,0.639851,
8680.254160,0.639784,
8680.264440,0.639844,
8700.254160,0.639777,
8700.264440,0.639837,
8720.254160,0.639770,
8720.264440,0.639830,
8740.254160,0.639764,
8740.264440,0.639823,
8760.254160,0.639757,
8760.264440,0.639816,
8780.254160,0.639750,
8780.264440,0.639809,
8800.254160,0.639743,
8800.264440,0.639803,
8820.254160,0.639737,
8820.264440,0.639796,
8840.254160,0.639730,
8840.264440,0.639789,
8860.254160,0.639723,
8860.264440,0.639782,
8880.254160,0.639717,
8880.264440,0.639776,
8900.254160,0.639710,
8900.264440,0.639769,
8920.254160,0.639704,
8920.264440,0.639762,
8940.254160,0.639697,
8940.264440,0.639756,
8960.254160,0.639691,
8960.264440,0.639749,
8980.254160,0.639684,
8980.264440,0.639742,
9000.254160,0.639678,
9000.264440,0.639736,
9020.254160,0.639672,
9020.264440,0.639729,
9040.254160,0.639665,
9040.264440,0.639723,
9060.254160,0.639659,
9060.264440,0.639716,
9080.254160,0.639653,
9080.264440,0.639710,
9100.254160,0.639646,
9100.264440,0.639704,
9120.254160,0.639640,
9120.264440,0.639697,
9140.254160,0.639634,
9140.264440,0.639691,
9160.254160,0.639628,
9160.264440,0.639685,
9180.254160,0.639622,
9180.264440,0.639678,
9200.254160,0.639615,
9200.264440,0.639672,
9220.254160,0.639609,
9220.264440,0.639666,
9240.254160,0.639603,
9240.264440,0.639660,
9260.254160,0.639597,
9260.264440,0.639653,
9280.254160,0.639591,
9280.264440,0.639647,
9300.254160,0.639585,
9300.264440,0.639641,
9320.254160,0.639579,
9320.264440,0.639635,
9340.254160,0.639573,
9340.264440,0.639629,
9360.254160,0.639567,
9360.264440,0.639623,
9380.254160,0.639561,
9380.264440,0.639617,
9400.254160,0.639555,
9400.264440,0.639611,
9420.254160,0.639550,
9420.264440,0.639605,
9440.254160,0.639544,
9440.264440,0.639599,
9460.254160,0.639538,
9460.264440,0.639593,
9480.254160,0.639532,
9480.264440,0.639587,
9500.254160,0.639526,
9500.264440,0.639581,
9520.254160,0.639521,
9520.264440,0.639576,
9540.254160,0.639515,
9540.264440,0.639570,
9560.254160,0.639509,
9560.264440,0.639564,
9580.254160,0.639504,
9580.264440,0.639558,
9600.254160,0.639498,
9600.264440,0.639552,
9620.254160,0.639492,
9620.264440,0.639547,
9640.254160,0.639487,
9640.264440,0.639541,
9660.254160,0.639481,
9660.264440,0.639535,
9680.254160,0.639476,
9680.264440,0.639530,
9700.254160,0.639470,
9700.264440,0.639524,
9720.254160,0.639465,
9720.264440,0.639518,
9740.254160,0.639459,
9740.264440,0.639513,
9760.254160,0.639454,
9760.264440,0.639507,
9780.254160,0.639448,
9780.264440,0.639502,
9800.254160,0.639443,
9800.264440,0.639496,
9820.254160,0.639438,
9820.264440,0.639491,
9840.254160,0.639432,
9840.264440,0.639485,
9860.254160,0.639427,
9860.264440,0.639480,
9880.254160,0.639422,
9880.264440,0.639474,
9900.254160,0.639416,
9900.264440,0.639469,
9920.254160,0.639411,
9920.264440,0.639464,
9940.254160,0.639406,
9940.264440,0.639458,
9960.254160,0.639401,
9960.264440,0.639453,
9980.254160,0.639395,
9980.264440,0.639448,
