#Type=Line
#Heading=APP1_VIDEO_Throughput
#XLabel=Time (ms)
#Num_Y=1
#YLabel=Throughput (Mbps)
0,0,
33.585572,0.347768,
33.704292,0.683118,
66.918904,0.518598,
67.040984,0.691875,
67.163064,0.864523,
67.285144,1.036544,
67.321544,1.082209,
100.252236,0.843233,
100.374316,0.958572,
100.496396,1.073631,
100.618476,1.188410,
100.685196,1.248644,
133.585568,1.028554,
133.707648,1.114970,
133.829728,1.201228,
133.951808,1.287329,
134.041968,1.349786,
166.918900,1.153902,
167.040980,1.222981,
167.163060,1.291960,
167.255060,1.343098,
200.252232,1.180112,
200.374312,1.237684,
200.381112,1.238400,
233.585564,1.112363,
233.707644,1.161759,
233.829724,1.211104,
233.951804,1.260396,
234.062044,1.304646,
266.876976,1.180139,
300.252228,1.087859,
300.374308,1.126301,
300.496388,1.164713,
300.544068,1.178636,
333.585560,1.096906,
333.707640,1.131505,
333.829720,1.166080,
333.951800,1.200628,
333.981240,1.207756,
366.918892,1.131171,
367.163052,1.162230,
367.285132,1.193645,
367.315932,1.200492,
400.252224,1.130887,
400.374304,1.159715,
400.496384,1.188525,
400.618464,1.217318,
400.654384,1.224856,
433.585556,1.158766,
433.682836,1.179719,
466.918888,1.120760,
467.040968,1.145476,
467.163048,1.170178,
467.285128,1.194868,
467.407208,1.219545,
467.513368,1.240846,
500.252220,1.182987,
500.374300,1.206041,
500.496380,1.229084,
500.618460,1.252115,
500.740540,1.275135,
500.862620,1.298144,
500.877740,1.300070,
533.569393,1.240791,
566.918885,1.188403,
567.040965,1.208745,
567.154405,1.227574,
600.252217,1.179344,
600.374297,1.198559,
600.496377,1.217766,
600.618457,1.236965,
600.740537,1.256156,
600.754377,1.257552,
633.585549,1.210823,
633.707629,1.229021,
633.829709,1.247212,
633.925469,1.261297,
666.918881,1.216412,
667.040961,1.233699,
667.092641,1.240559,
700.252213,1.198494,
700.374293,1.214962,
700.496373,1.231424,
700.618453,1.247880,
700.740533,1.264331,
700.841173,1.277756,
733.585545,1.236644,
733.707625,1.252357,
733.829705,1.268065,
733.951785,1.283768,
734.073865,1.299466,
734.140985,1.307771,
766.918877,1.267107,
767.040957,1.282132,
767.163037,1.297153,
767.285117,1.312169,
767.371197,1.322552,
800.252209,1.282806,
800.374289,1.297203,
800.418529,1.301999,
833.585541,1.264206,
833.707621,1.278031,
833.829701,1.291851,
833.951781,1.305668,
834.073861,1.319480,
834.195941,1.333289,
834.245781,1.338550,
866.918873,1.301575,
867.040953,1.314863,
867.163033,1.328147,
867.285113,1.341427,
867.407193,1.354704,
867.529273,1.367977,
867.651353,1.381246,
867.665273,1.382220,
900.252205,1.345161,
900.374285,1.357951,
900.496365,1.370737,
900.618445,1.383520,
900.740525,1.396300,
900.862605,1.409076,
900.911245,1.413813,
933.585537,1.376842,
933.641537,1.382192,
966.918869,1.346702,
967.040949,1.358611,
967.163029,1.370516,
967.285109,1.382418,
967.407189,1.394317,
967.529269,1.406213,
967.651349,1.418106,
967.676069,1.420079,
1000.252201,1.385507,
1000.260681,1.385815,
1033.585533,1.352434,
1033.707613,1.363573,
1033.829693,1.374710,
1033.951773,1.385844,
1034.073853,1.396976,
1034.195933,1.408105,
1034.268893,1.414549,
1066.918865,1.382208,
1067.040945,1.392996,
1067.163025,1.403782,
1067.236225,1.410050,
1100.252197,1.378353,
1100.374277,1.388815,
1100.496357,1.399274,
1100.532997,1.402077,
1133.585529,1.371500,
1133.707609,1.381654,
1133.815289,1.390555,
1166.918861,1.361116,
1166.950381,1.363328,
1200.252193,1.335233,
1200.374273,1.344827,
1200.496353,1.354420,
1200.618433,1.364010,
1200.740513,1.373599,
1200.828353,1.380374,
1233.585525,1.353187,
1233.639605,1.357084,
1266.918857,1.330655,
1267.040937,1.339745,
1267.140457,1.347077,
1300.252189,1.321756,
1300.374269,1.330614,
1300.496349,1.339470,
1300.618429,1.348325,
1300.740509,1.357178,
1300.862589,1.366029,
1300.954029,1.372556,
1333.585521,1.347729,
1333.591361,1.347765,
1366.918853,1.323449,
1367.040933,1.331875,
1367.163013,1.340300,
1367.285093,1.348722,
1367.404373,1.356942,
1400.252185,1.333451,
1400.374265,1.341676,
1400.496345,1.349899,
1400.618425,1.358120,
1400.740505,1.366340,
1400.796905,1.369934,
1433.585517,1.346749,
1433.707597,1.354781,
1433.795357,1.360451,
1466.918849,1.337694,
1467.040929,1.345544,
1467.163009,1.353393,
1467.285089,1.361241,
1467.407169,1.369087,
1467.529249,1.376932,
1467.551169,1.378045,
1500.252181,1.355793,
1500.374261,1.363468,
1500.496341,1.371141,
1500.546261,1.374070,
1533.707593,1.351976,
1533.829673,1.359483,
1533.951753,1.366990,
1534.037753,1.372175,
1566.918845,1.350834,
1567.040925,1.358183,
1567.100925,1.361623,
1600.252178,1.340714,
1600.374258,1.347910,
1600.496338,1.355105,
1600.618418,1.362298,
1600.654738,1.364207,
1633.585510,1.343856,
1633.707590,1.350905,
1633.829670,1.357953,
1633.951750,1.365000,
1634.057430,1.371056,
1666.918842,1.351034,
1667.040922,1.357941,
1667.079802,1.359925,
1700.252174,1.340262,
1700.374254,1.347035,
1700.496334,1.353807,
1700.618414,1.360578,
1700.633054,1.361117,
1733.585506,1.341982,
1733.707586,1.348624,
1733.829666,1.355266,
1733.951746,1.361906,
1734.062626,1.367909,
1766.918838,1.349083,
1767.040918,1.355600,
1767.140358,1.360852,
1800.252170,1.342310,
1800.374250,1.348706,
1800.496330,1.355102,
1800.618410,1.361497,
1800.740490,1.367891,
1800.792650,1.370454,
1833.585502,1.352314,
1833.707582,1.358594,
1833.811582,1.363900,
1866.918834,1.345970,
1867.040914,1.352137,
1867.162994,1.358305,
1867.285074,1.364471,
1867.407154,1.370636,
1867.445154,1.372361,
1900.252166,1.354814,
1900.374246,1.360873,
1900.477606,1.365960,
1933.585498,1.348612,
1933.707578,1.354567,
1933.829658,1.360521,
1933.841098,1.360832,
1966.918830,1.343885,
1967.040910,1.349739,
1967.162990,1.355593,
1967.285070,1.361446,
1967.407150,1.367298,
1967.446990,1.369027,
2000.252162,1.352413,
2000.374242,1.358170,
2000.496322,1.363926,
2000.618402,1.369680,
2000.740482,1.375435,
2000.861842,1.381153,
2033.585494,1.364671,
2033.707574,1.370333,
2033.829654,1.375993,
2033.951734,1.381653,
2034.073814,1.387312,
2034.117094,1.389151,
2066.918826,1.372756,
2066.980106,1.375425,
2100.252158,1.359197,
2100.374238,1.364679,
2100.496318,1.370160,
2100.517918,1.370923,
2133.585490,1.355150,
2133.707570,1.360546,
2133.829650,1.365942,
2133.951730,1.371337,
2134.036290,1.374998,
2166.918822,1.359523,
2167.040902,1.364836,
2167.162982,1.370149,
2167.285062,1.375461,
2167.407142,1.380772,
2167.529222,1.386083,
2167.561382,1.387303,
2200.252154,1.371999,
2200.374234,1.377231,
2200.496314,1.382463,
2200.618394,1.387694,
2200.740474,1.392924,
2200.862554,1.398154,
2200.984634,1.403383,
2201.043994,1.405802,
2233.585486,1.390550,
2233.707566,1.395703,
2233.829646,1.400855,
2233.836286,1.400912,
2266.918818,1.385620,
2267.040898,1.390697,
2267.162978,1.395774,
2267.178818,1.396230,
2300.252150,1.381233,
2300.328230,1.384265,
2333.585482,1.369542,
2333.707562,1.374476,
2333.829642,1.379408,
2333.951722,1.384341,
2334.073802,1.389272,
2334.192602,1.394065,
2366.918814,1.379725,
2367.040894,1.384588,
2367.079854,1.385988,
2400.252146,1.371699,
2400.374226,1.376495,
2400.496306,1.381291,
2400.618386,1.386086,
2400.740466,1.390881,
2400.862546,1.395675,
2400.984626,1.400469,
2401.106066,1.405236,
2433.585478,1.391280,
2433.707558,1.396010,
2433.829638,1.400739,
2433.836838,1.400814,
2466.918810,1.386763,
2467.040890,1.391429,
2467.162970,1.396094,
2467.210890,1.397795,
2500.252142,1.383995,
2500.374222,1.388599,
2500.496302,1.393202,
2500.599982,1.397079,
2533.585474,1.383500,
2533.707554,1.388043,
2533.820274,1.392222,
2566.918806,1.378820,
2567.040886,1.383305,
2567.162966,1.387789,
2567.285046,1.392272,
2567.334086,1.393950,
2600.252138,1.380795,
2600.374218,1.385222,
2600.395338,1.385820,
2633.585470,1.372790,
2633.707550,1.377161,
2633.829630,1.381532,
2633.951710,1.385902,
2634.073790,1.390272,
2634.118190,1.391734,
2666.918803,1.378997,
2667.040883,1.383313,
2667.119443,1.386020,
2700.252135,1.373338,
2700.374215,1.377602,
2700.496295,1.381865,
2700.583335,1.384847,
2733.585467,1.372401,
2733.707547,1.376613,
2733.829627,1.380823,
2733.951707,1.385034,
2734.073787,1.389244,
2734.195867,1.393454,
2734.217547,1.394043,
2766.918799,1.381788,
2767.040879,1.385948,
2767.162959,1.390108,
2767.285039,1.394268,
2767.407119,1.398427,
2767.529199,1.402585,
2767.587359,1.404467,
2800.252131,1.392255,
2800.374211,1.396365,
2800.425251,1.397973,
2833.585463,1.385736,
2833.707543,1.389798,
2833.829623,1.393859,
2833.951703,1.397921,
2834.065303,1.401687,
2866.911435,1.389573,
2900.245567,1.377516,
2933.585459,1.365843,
2933.707539,1.369767,
2933.829619,1.373691,
2933.951699,1.377615,
2934.041699,1.380460,
2966.918791,1.369100,
2967.040871,1.372980,
2967.162951,1.376860,
2967.212951,1.378344,
3000.252123,1.367058,
3000.343963,1.369902,
3033.585455,1.358741,
3033.707535,1.362536,
3033.829615,1.366331,
3033.951695,1.370126,
3034.073775,1.373920,
3034.150255,1.376232,
3066.918787,1.365336,
3067.040867,1.369090,
3067.134147,1.371918,
3100.252119,1.361030,
3100.374199,1.364744,
3100.496279,1.368457,
3100.618359,1.372170,
3100.740439,1.375883,
3100.862519,1.379596,
3100.984599,1.383308,
3101.106679,1.387020,
3101.168279,1.388808,
3133.464971,1.376299,
3166.918783,1.365448,
3167.040863,1.369084,
3167.162943,1.372719,
3167.233183,1.374739,
3200.252115,1.364205,
3200.374195,1.367803,
3200.496275,1.371400,
3200.618355,1.374997,
3200.706515,1.377548,
3233.585447,1.367154,
3233.690727,1.370202,
3266.918779,1.359840,
3267.040859,1.363365,
3267.081499,1.364430,
3300.252111,1.354255,
3300.374191,1.357744,
3300.496271,1.361233,
3300.618351,1.364721,
3300.679551,1.366390,
3333.585443,1.356406,
3333.707523,1.359860,
3333.829603,1.363314,
3333.951683,1.366767,
3334.073763,1.370220,
3334.195843,1.373673,
3334.226243,1.374414,
3366.918775,1.364538,
3367.040855,1.367957,
3367.157175,1.371208,
3400.252107,1.361297,
3400.374187,1.364683,
3400.496267,1.368069,
3400.618347,1.371454,
3400.740427,1.374839,
3400.862507,1.378224,
3400.984587,1.381609,
3401.095387,1.384667,
3433.585439,1.374966,
3433.707519,1.378319,
3433.829599,1.381671,
3433.951679,1.385024,
3434.018079,1.386777,
3466.918771,1.376985,
3467.040851,1.380306,
3467.162931,1.383626,
3467.285011,1.386946,
3467.407091,1.390265,
3467.529171,1.393585,
3467.577011,1.394793,
3500.252103,1.385109,
3500.374183,1.388398,
3500.496263,1.391686,
3500.618343,1.394974,
3500.688823,1.396809,
3533.585435,1.387110,
3533.707515,1.390367,
3533.829595,1.393625,
3533.951675,1.396882,
3534.073755,1.400138,
3534.188155,1.403181,
3566.918767,1.393579,
3567.040847,1.396806,
3567.162927,1.400032,
3567.285007,1.403259,
3567.306607,1.403708,
3600.252099,1.394107,
3600.374179,1.397304,
3600.496259,1.400500,
3600.618339,1.403697,
3600.740419,1.406893,
3600.862499,1.410089,
3600.984579,1.413285,
3601.044499,1.414778,
3633.585431,1.405323,
3633.707511,1.408490,
3633.829591,1.411657,
3633.951671,1.414823,
3634.073751,1.417990,
3634.195831,1.421156,
3634.317911,1.424322,
3634.393031,1.426214,
3666.918763,1.416749,
3667.040843,1.419887,
3667.162923,1.423025,
3667.285003,1.426162,
3667.407083,1.429300,
3667.431963,1.429824,
3700.252095,1.420299,
3700.374175,1.423408,
3700.496255,1.426518,
3700.542655,1.427611,
3733.585428,1.418105,
3733.707508,1.421187,
3733.771188,1.422727,
3766.835240,1.412231,
3800.252092,1.402886,
3800.374172,1.405914,
3800.496252,1.408942,
3800.593212,1.411319,
3833.554704,1.401830,
3866.918756,1.392755,
3867.040836,1.395732,
3867.122356,1.397674,
3900.252088,1.388796,
3900.374168,1.391748,
3900.489528,1.394529,
3933.585420,1.385765,
3933.707500,1.388691,
3933.829580,1.391617,
3933.951660,1.394543,
3934.073740,1.397468,
3934.195820,1.400394,
3934.217020,1.400791,
3966.861632,1.391488,
4000.252084,1.382793,
4000.374164,1.385670,
4000.480804,1.388167,
4033.585416,1.379670,
4033.707496,1.382524,
4033.829576,1.385377,
4033.951656,1.388231,
4034.073736,1.391084,
4034.195816,1.393937,
4034.317896,1.396790,
4034.406536,1.398826,
4066.918748,1.390515,
4067.032508,1.393144,
4100.252080,1.384705,
4100.374160,1.387512,
4100.496240,1.390320,
4100.618320,1.393126,
4100.740400,1.395933,
4100.862480,1.398740,
4100.923840,1.400086,
4133.585412,1.391849,
4133.707492,1.394634,
4133.829572,1.397418,
4133.951652,1.400202,
4134.073732,1.402986,
4134.129732,1.404194,
4166.918744,1.395948,
4167.040824,1.398710,
4167.162904,1.401471,
4167.284984,1.404233,
4167.407064,1.406995,
4167.467704,1.408303,
4200.252076,1.400091,
4200.374156,1.402831,
4200.496236,1.405571,
4200.618316,1.408311,
4200.646556,1.408848,
4233.585408,1.400645,
4233.707488,1.403364,
4233.829568,1.406082,
4233.951648,1.408800,
4234.073728,1.411518,
4234.103888,1.412096,
4266.918740,1.403973,
4267.040820,1.406670,
4267.162900,1.409367,
4267.284980,1.412064,
4267.407060,1.414761,
4267.529140,1.417457,
4267.651220,1.420154,
4267.773300,1.422850,
4267.835940,1.424173,
4300.252072,1.416153,
4300.374152,1.418829,
4300.496232,1.421505,
4300.535992,1.422293,
4333.585404,1.414142,
4333.694284,1.416497,
4366.918736,1.408394,
4367.040816,1.411030,
4367.162896,1.413665,
4367.284976,1.416300,
4367.407056,1.418934,
4367.529136,1.421569,
4367.651216,1.424203,
4367.773296,1.426838,
4367.816496,1.427692,
4400.252068,1.419822,
4400.374148,1.422437,
4400.496228,1.425052,
4400.522148,1.425513,
4433.585400,1.417516,
4433.707480,1.420112,
4433.829560,1.422707,
4433.951640,1.425302,
4434.073720,1.427897,
4434.195800,1.430492,
4434.317880,1.433086,
4434.439960,1.435681,
4434.454280,1.435880,
4466.918732,1.428059,
4467.040812,1.430635,
4467.162892,1.433210,
4467.284972,1.435786,
4467.407052,1.438361,
4467.529132,1.440936,
4467.587132,1.442097,
4500.252064,1.434225,
4500.374144,1.436782,
4500.496224,1.439338,
4500.618304,1.441894,
4500.740384,1.444450,
4500.862464,1.447006,
4500.904144,1.447802,
4533.585396,1.439941,
4533.707476,1.442479,
4533.829556,1.445016,
4533.951636,1.447553,
4534.073716,1.450090,
4534.160276,1.451855,
4566.918728,1.443999,
4567.040808,1.446517,
4567.142008,1.448586,
4600.252060,1.440698,
4600.374140,1.443199,
4600.496220,1.445700,
4600.519980,1.446094,
4633.585392,1.438295,
4633.707472,1.440778,
4633.829552,1.443261,
4633.927552,1.445231,
4666.918724,1.437517,
4667.040804,1.439982,
4667.162884,1.442447,
4667.284964,1.444912,
4667.407044,1.447377,
4667.529124,1.449841,
4667.551044,1.450191,
4700.252056,1.442586,
4700.374136,1.445034,
4700.496216,1.447481,
4700.507656,1.447609,
4733.585388,1.439961,
4733.707468,1.442391,
4733.829548,1.444821,
4733.951628,1.447251,
4734.073708,1.449681,
4734.195788,1.452111,
4734.317868,1.454540,
4734.408828,1.456322,
4766.856800,1.448210,
4800.214773,1.440191,
4833.585385,1.432664,
4833.707465,1.435044,
4833.829545,1.437424,
4833.951625,1.439804,
4834.001705,1.440716,
4866.918717,1.433372,
4867.040797,1.435736,
4867.162877,1.438099,
4867.183517,1.438409,
4900.252049,1.431086,
4900.374129,1.433433,
4900.496209,1.435781,
4900.618289,1.438129,
4900.693249,1.439529,
4933.585381,1.432299,
4933.686101,1.434204,
4966.918713,1.426960,
4967.040793,1.429276,
4967.162873,1.431592,
4967.284953,1.433908,
4967.407033,1.436225,
4967.529113,1.438541,
4967.568313,1.439212,
5000.252045,1.432141,
5000.374125,1.434441,
5000.496205,1.436742,
5000.618285,1.439043,
5000.740365,1.441343,
5000.862445,1.443644,
5000.984525,1.445944,
5001.106605,1.448244,
5001.145965,1.448914,
5033.585377,1.441897,
5033.707457,1.444182,
5033.829537,1.446468,
5033.951617,1.448753,
5033.989697,1.449394,
5066.918709,1.442279,
5067.040789,1.444550,
5067.162869,1.446820,
5067.284949,1.449090,
5067.360469,1.450455,
5100.252041,1.443391,
5100.374121,1.445646,
5100.496201,1.447901,
5100.618281,1.450157,
5100.740361,1.452412,
5100.862441,1.454667,
5100.920921,1.455693,
5133.585373,1.448706,
5133.707453,1.450947,
5133.829533,1.453187,
5133.951613,1.455428,
5134.073693,1.457668,
5134.195773,1.459908,
5134.245053,1.460751,
5166.918705,1.453775,
5167.040785,1.456001,
5167.132065,1.457640,
5200.252037,1.450602,
5200.374117,1.452814,
5200.496197,1.455026,
5200.618277,1.457238,
5200.625237,1.457268,
5233.585369,1.450322,
5233.707449,1.452520,
5233.829529,1.454718,
5233.951609,1.456915,
5234.073689,1.459113,
5234.195769,1.461310,
5234.317849,1.463508,
5234.417209,1.465277,
5266.918701,1.458453,
5267.040781,1.460636,
5267.150541,1.462590,
5300.252033,1.455659,
5300.374113,1.457829,
5300.496193,1.459999,
5300.572993,1.461327,
5333.585365,1.454472,
5333.707445,1.456629,
5333.829525,1.458785,
5333.951605,1.460942,
5334.073685,1.463098,
5334.149525,1.464400,
5366.918697,1.457635,
5367.040777,1.459778,
5367.162857,1.461921,
5367.174697,1.462040,
5400.252029,1.455248,
5400.374109,1.457378,
5400.496189,1.459507,
5400.618269,1.461637,
5400.672029,1.462520,
5433.585361,1.455811,
5433.707441,1.457928,
5433.829521,1.460044,
5433.951601,1.462161,
5434.073681,1.464278,
5434.195761,1.466394,
5434.276561,1.467762,
5466.918693,1.461135,
5467.040773,1.463238,
5467.134613,1.464833,
5500.252025,1.458137,
5500.374105,1.460228,
5500.496185,1.462319,
5500.566585,1.463484,
5533.585357,1.456862,
5533.707437,1.458941,
5533.722957,1.459122,
5566.918689,1.452519,
5567.040769,1.454585,
5567.073409,1.455068,
5600.252021,1.448533,
5600.374101,1.450587,
5600.496181,1.452641,
5600.618261,1.454695,
5600.740341,1.456749,
5600.862421,1.458802,
5600.984501,1.460856,
5601.106581,1.462909,
5601.131141,1.463247,
5633.585353,1.456891,
5633.707433,1.458933,
5633.829513,1.460974,
5633.951593,1.463016,
5633.969033,1.463227,
5666.918685,1.456780,
5667.040765,1.458810,
5667.162845,1.460840,
5667.284925,1.462869,
5667.404845,1.464861,
5700.252017,1.458469,
5700.374097,1.460487,
5700.428657,1.461337,
5733.585349,1.454923,
5733.707429,1.456930,
5733.829509,1.458936,
5733.951589,1.460942,
5734.073669,1.462947,
5734.083509,1.463024,
5766.918681,1.456720,
5767.040761,1.458714,
5767.162841,1.460709,
5767.284921,1.462703,
5767.407001,1.464697,
5767.473481,1.465741,
5800.252013,1.459472,
5800.374093,1.461455,
5800.496173,1.463438,
5800.515293,1.463671,
5833.585345,1.457376,
5833.707425,1.459348,
5833.829505,1.461319,
5833.951585,1.463291,
5834.073665,1.465262,
5834.183585,1.467028,
5866.918677,1.460834,
5867.040757,1.462794,
5867.162838,1.464754,
5867.284918,1.466715,
5867.406998,1.468675,
5867.529078,1.470635,
5867.634838,1.472321,
5900.252010,1.466161,
5900.496170,1.468080,
5900.595930,1.469656,
5933.585342,1.463454,
5933.707422,1.465392,
5933.754942,1.466092,
5966.918674,1.459901,
5967.040754,1.461829,
5967.162834,1.463756,
5967.284914,1.465684,
5967.380194,1.467168,
6000.252006,1.461077,
6000.305366,1.461866,
6033.707418,1.455709,
6033.829498,1.457615,
6033.888698,1.458494,
6066.918670,1.452479,
6067.040750,1.454375,
6067.162830,1.456271,
6067.284910,1.458167,
6067.380990,1.459640,
6100.252002,1.453689,
6100.374082,1.455575,
6100.496162,1.457460,
6100.618242,1.459346,
6100.684482,1.460329,
6133.585334,1.454400,
6133.707414,1.456276,
6133.829494,1.458151,
6133.922694,1.459562,
6166.918666,1.453647,
6167.040746,1.455512,
6167.162826,1.457377,
6167.276106,1.459101,
6200.251998,1.453225,
6200.374078,1.455080,
6200.496158,1.456935,
6200.618238,1.458790,
6200.740318,1.460645,
6200.807438,1.461626,
6233.585330,1.455815,
6233.707410,1.457660,
6233.829490,1.459505,
6233.951570,1.461350,
6234.073650,1.463195,
6234.174210,1.464700,
6266.918662,1.458910,
6267.040742,1.460746,
6267.162822,1.462581,
6267.284902,1.464416,
6267.406982,1.466251,
6267.529062,1.468086,
6267.651142,1.469921,
6267.691062,1.470464,
6300.251994,1.464719,
6300.374074,1.466544,
6300.496154,1.468369,
6300.551754,1.469155,
6333.585326,1.463337,
6333.664926,1.464492,
6366.918658,1.458677,
6367.040738,1.460484,
6367.162818,1.462290,
6367.284898,1.464097,
6367.406978,1.465903,
6367.529058,1.467709,
6367.651138,1.469515,
6367.698818,1.470170,
6400.251990,1.464517,
6400.374070,1.466314,
6400.496150,1.468111,
6400.584790,1.469393,
6433.585322,1.463672,
6433.707402,1.465459,
6433.829482,1.467247,
6433.951562,1.469034,
6434.073642,1.470822,
6434.195722,1.472609,
6434.317802,1.474397,
6434.439882,1.476184,
6434.481642,1.476741,
6466.918654,1.471140,
6467.040734,1.472919,
6467.162814,1.474697,
6467.284894,1.476475,
6467.406974,1.478253,
6467.529054,1.480031,
6467.651134,1.481809,
6467.744974,1.483157,
6500.251986,1.477537,
6500.374066,1.479306,
6500.496146,1.481075,
6500.618226,1.482844,
6500.740306,1.484612,
6500.862386,1.486381,
6500.984466,1.488150,
6501.106546,1.489919,
6501.158306,1.490622,
6533.585318,1.485011,
6533.642518,1.485793,
6566.918650,1.480043,
6567.040730,1.481794,
6567.162810,1.483545,
6567.284890,1.485296,
6567.406970,1.487047,
6567.529050,1.488797,
6567.651130,1.490548,
6567.773210,1.492299,
6567.815450,1.492852,
6600.251982,1.487285,
6600.374062,1.489027,
6600.496142,1.490769,
6600.615662,1.492473,
6633.585314,1.486816,
6633.707394,1.488549,
6633.829474,1.490283,
6633.951554,1.492016,
6634.073634,1.493749,
6634.195714,1.495482,
6634.203474,1.495518,
6666.918646,1.489931,
6667.040726,1.491656,
6667.162806,1.493380,
6667.284886,1.495105,
6667.406966,1.496829,
6667.529046,1.498553,
6667.649366,1.500252,
6700.251978,1.494695,
6700.374058,1.496411,
6700.496138,1.498127,
6700.618218,1.499843,
6700.740298,1.501558,
6700.809898,1.502503,
6733.564830,1.496776,
6766.918642,1.491125,
6767.040722,1.492824,
6767.162802,1.494523,
6767.284882,1.496222,
6767.406962,1.497921,
6767.529042,1.499620,
6767.565282,1.500069,
6800.251974,1.494576,
6800.326214,1.495574,
6833.585306,1.490004,
6833.707386,1.491687,
6833.829466,1.493369,
6833.951546,1.495052,
6834.073626,1.496734,
6834.195706,1.498417,
6834.317786,1.500099,
6834.439866,1.501781,
6834.492906,1.502468,
6866.918638,1.497074,
6867.040718,1.498749,
6867.162798,1.500423,
6867.284878,1.502097,
6867.406958,1.503771,
6867.421038,1.503896,
6900.251970,1.498433,
6900.374050,1.500100,
6900.496130,1.501766,
6900.618210,1.503432,
6900.740290,1.505098,
6900.826850,1.506257,
6933.585303,1.500825,
6933.707383,1.502483,
6933.829463,1.504141,
6933.951543,1.505799,
6934.073623,1.507457,
6934.162262,1.508640,
6966.918635,1.503223,
6967.027835,1.504691,
7000.251967,1.499218,
7000.374047,1.500860,
7000.496127,1.502503,
7000.618207,1.504145,
7000.686527,1.505031,
7033.585299,1.499652,
7033.707379,1.501286,
7033.829459,1.502921,
7033.897139,1.503793,
7066.918631,1.498419,
7067.040711,1.500046,
7067.162791,1.501673,
7067.251351,1.502833,
7100.251963,1.497493,
7100.374043,1.499112,
7100.395003,1.499328,
7133.585295,1.493990,
7133.707375,1.495602,
7133.829455,1.497213,
7133.951535,1.498825,
7134.073615,1.500436,
7134.195695,1.502048,
7134.299535,1.503408,
7166.918627,1.498195,
7167.040707,1.499799,
7167.162787,1.501403,
7167.284867,1.503007,
7167.406947,1.504611,
7167.472547,1.505439,
7200.251959,1.500208,
7200.374039,1.501804,
7200.469959,1.503043,
7233.585291,1.497777,
7233.661211,1.498738,
7266.918623,1.493486,
7267.040703,1.495068,
7267.162783,1.496650,
7267.284863,1.498232,
7267.406943,1.499814,
7267.529023,1.501396,
7267.575423,1.501952,
7300.251955,1.496829,
7300.374035,1.498404,
7300.475955,1.499707,
7333.585287,1.494529,
7333.707367,1.496097,
7333.775527,1.496940,
7366.918619,1.491791,
7367.040699,1.493352,
7367.162779,1.494913,
7367.284859,1.496473,
7367.406939,1.498034,
7367.529019,1.499594,
7367.619259,1.500729,
7400.251951,1.495690,
7400.374031,1.497243,
7400.496111,1.498797,
7400.618191,1.500350,
7400.740271,1.501904,
7400.862351,1.503457,
7400.984431,1.505011,
7401.106511,1.506564,
7401.121391,1.506691,
7433.585283,1.501682,
7433.707363,1.503228,
7433.829443,1.504775,
7433.951523,1.506321,
7434.073603,1.507868,
7434.195683,1.509414,
7434.317763,1.510960,
7434.439763,1.512506,
7466.918615,1.507491,
7467.040695,1.509030,
7467.162775,1.510570,
7467.284855,1.512109,
7467.406935,1.513649,
7467.529015,1.515188,
7467.651095,1.516728,
7467.677335,1.517003,
7500.251947,1.511972,
7500.374027,1.513504,
7500.496107,1.515037,
7500.618187,1.516569,
7500.723627,1.517883,
7533.585279,1.512813,
7533.707359,1.514339,
7533.829439,1.515864,
7533.951519,1.517390,
7534.073599,1.518916,
7534.195679,1.520442,
7534.215199,1.520627,
7566.918611,1.515598,
7567.024291,1.516904,
7600.251943,1.511809,
7600.374023,1.513321,
7600.395383,1.513529,
7633.585275,1.508478,
7633.707355,1.509984,
7633.829435,1.511490,
7633.936955,1.512808,
7666.918607,1.507823,
7667.040687,1.509323,
7667.162767,1.510822,
7667.284847,1.512322,
7667.309407,1.512568,
7700.251939,1.507614,
7700.374019,1.509107,
7700.496099,1.510600,
7700.618179,1.512093,
7700.740259,1.513585,
7700.862339,1.515078,
7700.872259,1.515136,
7733.585271,1.510238,
7733.707351,1.511724,
7733.829431,1.513211,
7733.951511,1.514697,
7734.073591,1.516183,
7734.106231,1.516531,
7766.918603,1.511628,
7767.040683,1.513108,
7767.162763,1.514588,
7767.281643,1.516027,
7800.251935,1.511116,
7800.374015,1.512590,
7800.496095,1.514064,
7800.618175,1.515537,
7800.740255,1.517011,
7800.795455,1.517640,
7833.585267,1.512779,
7833.707347,1.514246,
7833.829427,1.515713,
7833.951507,1.517181,
7834.073587,1.518648,
7834.195667,1.520115,
7834.307667,1.521456,
7866.918599,1.516633,
7867.040679,1.518095,
7867.123239,1.519061,
7900.251931,1.514169,
7900.374011,1.515624,
7900.496091,1.517079,
7900.618171,1.518534,
7900.740251,1.519989,
7900.862331,1.521444,
7900.934651,1.522279,
7933.585263,1.517486,
7933.707343,1.518935,
7933.829423,1.520384,
7933.951503,1.521832,
7934.061583,1.523132,
7966.918595,1.518317,
7967.030915,1.519639,
8000.251928,1.514788,
8000.289607,1.515186,
8033.585260,1.510360,
8033.707340,1.511791,
8033.829420,1.513222,
8033.951500,1.514653,
8034.073580,1.516084,
8034.195660,1.517514,
8034.219900,1.517746,
8066.918592,1.513042,
8067.040672,1.514467,
8067.162752,1.515892,
8067.284832,1.517316,
8067.406912,1.518741,
8067.528992,1.520166,
8067.651072,1.521591,
8067.680432,1.521884,
8100.251924,1.517206,
8100.374004,1.518625,
8100.496084,1.520044,
8100.555604,1.520703,
8133.585256,1.515963,
8133.707336,1.517376,
8133.829416,1.518790,
8133.951496,1.520203,
8134.073576,1.521616,
8134.195656,1.523029,
8134.317736,1.524442,
8134.334936,1.524585,
8166.918588,1.519933,
8167.040668,1.521340,
8167.162748,1.522748,
8167.222348,1.523402,
8200.251920,1.518690,
8200.374000,1.520092,
8200.496080,1.521493,
8200.618160,1.522895,
8200.740240,1.524297,
8200.831840,1.525332,
8233.585252,1.520683,
8233.707332,1.522079,
8233.829412,1.523475,
8233.925332,1.524558,
8266.918584,1.519886,
8267.040664,1.521277,
8267.162744,1.522667,
8267.168984,1.522677,
8300.251916,1.518016,
8300.373996,1.519400,
8300.496076,1.520785,
8300.618156,1.522170,
8300.640396,1.522370,
8333.585248,1.517753,
8333.707328,1.519133,
8333.829408,1.520512,
8333.951488,1.521891,
8334.073568,1.523270,
8334.195648,1.524650,
8334.289808,1.525699,
8366.918580,1.521145,
8367.040660,1.522519,
8367.162740,1.523892,
8367.230180,1.524623,
8400.251912,1.520020,
8400.288312,1.520384,
8433.585244,1.515766,
8433.707324,1.517129,
8433.827644,1.518472,
8466.918576,1.513917,
8467.040656,1.515274,
8467.162736,1.516632,
8467.284816,1.517989,
8467.406896,1.519347,
8467.528976,1.520704,
8467.651056,1.522062,
8467.773136,1.523419,
8467.838096,1.524112,
8500.251908,1.519674,
8500.373988,1.521027,
8500.496068,1.522379,
8500.618148,1.523731,
8500.648388,1.524019,
8533.585240,1.519506,
8533.707320,1.520853,
8533.829400,1.522200,
8566.918572,1.517684,
8567.040652,1.519025,
8567.162732,1.520367,
8567.284812,1.521709,
8567.406892,1.523050,
8567.528972,1.524392,
8567.636172,1.525562,
8600.251904,1.521135,
8600.373984,1.522471,
8600.496064,1.523808,
8600.616144,1.525121,
8633.585236,1.520650,
8633.707316,1.521982,
8633.749476,1.522401,
8666.790408,1.517206,
8700.251900,1.512713,
8700.373980,1.514034,
8700.407100,1.514348,
8733.585232,1.509933,
8733.707312,1.511249,
8733.829392,1.512565,
8733.951472,1.513882,
8734.073552,1.515198,
8734.095152,1.515381,
8766.918564,1.511039,
8767.040644,1.512351,
8767.162724,1.513662,
8767.284804,1.514973,
8767.406884,1.516284,
8767.528964,1.517595,
8767.651044,1.518906,
8767.660324,1.518950,
8800.251896,1.514652,
8800.373976,1.515958,
8800.496056,1.517264,
8800.618136,1.518571,
8800.734056,1.519808,
8833.585228,1.515478,
8833.707308,1.516779,
8833.829388,1.518080,
8833.951468,1.519382,
8834.073548,1.520683,
8834.079548,1.520690,
8866.918560,1.516375,
8867.040640,1.517672,
8867.162720,1.518968,
8867.284800,1.520264,
8867.406880,1.521560,
8867.443520,1.521908,
8900.251892,1.517610,
8900.373972,1.518902,
8900.483412,1.520053,
8933.585224,1.515728,
8933.707304,1.517015,
8933.829384,1.518302,
8933.951464,1.519588,
8934.073544,1.520875,
8934.195624,1.522161,
8934.205704,1.522213,
8966.918556,1.517963,
8967.040636,1.519245,
8967.162716,1.520526,
8967.284796,1.521808,
8967.406876,1.523090,
8967.461516,1.523631,
9000.251888,1.519378,
9000.373968,1.520655,
9000.496048,1.521932,
9000.618128,1.523209,
9000.709248,1.524147,
9033.585220,1.519894,
9033.707300,1.521166,
9033.806820,1.522192,
9066.918552,1.517922,
9067.040632,1.519189,
9067.162712,1.520457,
9067.284792,1.521725,
9067.378633,1.522686,
9100.251885,1.518469,
9100.373965,1.519732,
9100.496045,1.520995,
9100.558285,1.521610,
9133.585217,1.517387,
9133.707297,1.518646,
9133.814097,1.519739,
9166.918549,1.515525,
9167.040629,1.516779,
9167.162709,1.518033,
9167.284789,1.519287,
9167.406869,1.520541,
9167.528949,1.521795,
9167.591509,1.522409,
9200.251881,1.518274,
9200.373961,1.519523,
9200.496041,1.520773,
9200.618121,1.522022,
9200.740201,1.523271,
9200.862281,1.524521,
9200.901161,1.524879,
9233.585213,1.520747,
9233.707293,1.521991,
9233.829373,1.523236,
9233.951453,1.524481,
9234.073533,1.525726,
9234.175533,1.526756,
9266.918545,1.522622,
9267.040625,1.523863,
9267.162705,1.525103,
9267.284785,1.526343,
9267.406865,1.527583,
9267.518145,1.528709,
9300.251877,1.524584,
9300.373957,1.525820,
9300.496037,1.527056,
9300.609477,1.528200,
9333.585209,1.524052,
9333.634489,1.524516,
9366.918541,1.520345,
9367.040621,1.521573,
9367.162701,1.522800,
9367.284781,1.524027,
9367.406861,1.525254,
9367.528941,1.526481,
9367.651021,1.527708,
9367.701341,1.528180,
9400.251873,1.524131,
9400.373953,1.525354,
9400.496033,1.526576,
9400.618113,1.527799,
9400.740193,1.529022,
9400.836353,1.529973,
9433.585205,1.525900,
9433.707285,1.527118,
9433.799445,1.528024,
9466.918537,1.523912,
9467.040617,1.525126,
9467.162697,1.526340,
9467.284777,1.527554,
9467.306297,1.527722,
9500.251869,1.523654,
9500.373949,1.524864,
9500.496029,1.526074,
9500.598829,1.527084,
9533.585201,1.523025,
9533.707281,1.524231,
9533.829361,1.525436,
9533.951441,1.526642,
9534.073521,1.527847,
9534.195601,1.529053,
9534.317681,1.530258,
9534.365201,1.530694,
9566.918533,1.526706,
9567.040613,1.527907,
9567.162693,1.529109,
9567.284773,1.530310,
9567.406853,1.531511,
9567.528933,1.532713,
9567.651013,1.533914,
9567.664853,1.534001,
9600.251865,1.530011,
9600.373945,1.531208,
9600.496025,1.532405,
9600.526905,1.532667,
9633.585197,1.528620,
9633.707277,1.529813,
9633.829357,1.531006,
9633.925917,1.531938,
9666.918529,1.527918,
9667.040609,1.529107,
9667.162689,1.530296,
9667.284769,1.531484,
9667.406849,1.532673,
9667.528929,1.533862,
9667.651009,1.535051,
9667.662129,1.535110,
9700.251861,1.531156,
9700.364021,1.532240,
9733.585193,1.528211,
9733.707273,1.529391,
9733.829353,1.530572,
9733.951433,1.531753,
9734.073513,1.532934,
9734.100233,1.533150,
9766.918525,1.529194,
9767.040605,1.530371,
9767.162685,1.531547,
9767.284765,1.532724,
9767.406845,1.533901,
9767.528925,1.535077,
9767.651005,1.536254,
9767.658525,1.536276,
9800.251857,1.532358,
9800.373937,1.533531,
9800.496017,1.534704,
9800.601057,1.535705,
9833.487749,1.531261,
9866.918521,1.527257,
9867.040601,1.528422,
9867.162681,1.529587,
9867.284761,1.530751,
9867.307161,1.530921,
9900.251853,1.527007,
9900.373933,1.528168,
9900.496013,1.529329,
9900.618093,1.530489,
9900.740173,1.531650,
9900.862253,1.532811,
9900.902413,1.533157,
9933.585185,1.529289,
9933.707265,1.530446,
9933.829345,1.531603,
9933.844305,1.531698,
9966.918517,1.527787,
9967.040597,1.528940,
9967.162677,1.530093,
9967.284757,1.531246,
9967.306037,1.531404,
