#Type=Line
#Heading=Link_7_Throughput
#XLabel=Time (ms)
#Num_Y=1
#YLabel=Throughput (Mbps)
0,0,
2000.010600,0.000280,
2000.042400,0.000560,
2000.052680,0.000824,
2000.118920,0.004088,
2000.209760,0.004352,
2000.449600,0.010454,
2000.459880,0.010718,
2000.572640,0.016819,
2000.582920,0.017083,
2000.695680,0.023184,
2000.705960,0.023448,
2000.818720,0.029548,
2000.829000,0.029812,
2000.941760,0.035911,
2000.952040,0.036175,
2001.064800,0.042273,
2001.075080,0.042537,
2001.187840,0.048635,
2001.198120,0.048899,
2001.310880,0.054996,
2001.321160,0.055259,
2001.433920,0.061356,
2001.444200,0.061620,
2001.556960,0.067715,
2001.567240,0.067979,
2001.680000,0.074074,
2001.690280,0.074337,
2001.803040,0.080431,
2001.813320,0.080695,
2001.926080,0.086788,
2001.936360,0.087052,
2002.049120,0.093145,
2002.059400,0.093408,
2002.172160,0.099500,
2002.182440,0.099763,
2002.295200,0.105855,
2002.305480,0.106118,
2002.418240,0.112208,
2002.428520,0.112471,
2002.438880,0.113454,
2002.449160,0.113717,
2002.561920,0.119807,
2002.572200,0.120070,
2002.684960,0.126159,
2002.695240,0.126422,
2002.808000,0.132510,
2002.818280,0.132773,
2002.931040,0.138860,
2002.941320,0.139123,
2003.054080,0.145210,
2003.064360,0.145473,
2003.177120,0.151559,
2003.187400,0.151822,
2003.300160,0.157907,
2003.310440,0.158170,
2003.423200,0.164255,
2003.433480,0.164518,
2003.546240,0.170602,
2003.556520,0.170864,
2003.669280,0.176947,
2003.679560,0.177210,
2003.792320,0.183292,
2003.802600,0.183555,
2003.915360,0.189637,
2003.925640,0.189899,
2004.038400,0.195980,
2004.048680,0.196243,
2004.161440,0.202323,
2004.171720,0.202585,
2004.284480,0.208665,
2004.294760,0.208927,
2004.407520,0.215006,
2004.417800,0.215268,
2004.530560,0.221347,
2004.540840,0.221609,
2004.551200,0.222589,
2004.561480,0.222852,
2004.674240,0.228929,
2004.684520,0.229191,
2004.797280,0.235268,
2004.807560,0.235530,
2004.920320,0.241606,
2004.930600,0.241868,
2005.043360,0.247943,
2005.053640,0.248205,
2005.166400,0.254279,
2005.176680,0.254541,
2005.289440,0.260615,
2005.299720,0.260877,
2005.412480,0.266950,
2005.422760,0.267211,
2005.535520,0.273284,
2005.545800,0.273545,
2005.658560,0.279617,
2005.668840,0.279879,
2005.781600,0.285949,
2005.791880,0.286211,
2005.904640,0.292281,
2005.914920,0.292543,
2006.027680,0.298612,
2006.037960,0.298874,
2006.150720,0.304942,
2006.161000,0.305204,
2006.273760,0.311272,
2006.284040,0.311533,
2006.396800,0.317600,
2006.407080,0.317862,
2006.519840,0.323928,
2006.530120,0.324190,
2006.642880,0.330255,
2006.653160,0.330517,
2006.663520,0.331496,
2006.669760,0.331758,
2006.673800,0.332020,
2006.680040,0.332282,
2006.686280,0.332544,
2006.717120,0.332802,
4000.199800,0.167092,
4000.231600,0.167230,
4000.241880,0.167362,
4000.308120,0.168991,
4000.398960,0.169119,
4000.638800,0.172161,
4000.649080,0.172292,
4000.761840,0.175339,
4000.772120,0.175470,
4000.884880,0.178517,
4000.895160,0.178648,
4001.007920,0.181694,
4001.018200,0.181826,
4001.130960,0.184872,
4001.141240,0.185003,
4001.254000,0.188049,
4001.264280,0.188181,
4001.377040,0.191226,
4001.387320,0.191358,
4001.500080,0.194403,
4001.510360,0.194535,
4001.623120,0.197580,
4001.633400,0.197711,
4001.746160,0.200756,
4001.756440,0.200888,
4001.869200,0.203933,
4001.879480,0.204064,
4001.992240,0.207109,
4002.002520,0.207240,
4002.115280,0.210285,
4002.125560,0.210416,
4002.238320,0.213461,
4002.248600,0.213592,
4002.361360,0.216636,
4002.371640,0.216767,
4002.484400,0.219811,
4002.494680,0.219943,
4002.607440,0.222987,
4002.617720,0.223118,
4002.628080,0.223609,
4002.638360,0.223740,
4002.751120,0.226784,
4002.761400,0.226915,
4002.874160,0.229959,
4002.884440,0.230090,
4002.997200,0.233133,
4003.007480,0.233265,
4003.120240,0.236308,
4003.130520,0.236439,
4003.243280,0.239482,
4003.253560,0.239613,
4003.366320,0.242656,
4003.376600,0.242787,
4003.489360,0.245830,
4003.499640,0.245961,
4003.612400,0.249003,
4003.622680,0.249134,
4003.735440,0.252177,
4003.745720,0.252308,
4003.858480,0.255350,
4003.868760,0.255481,
4003.981520,0.258523,
4003.991800,0.258654,
4004.104560,0.261695,
4004.114840,0.261827,
4004.227600,0.264868,
4004.237880,0.264999,
4004.350640,0.268040,
4004.360920,0.268172,
4004.473680,0.271213,
4004.483960,0.271344,
4004.596720,0.274385,
4004.607000,0.274516,
4004.719760,0.277556,
4004.730040,0.277688,
4004.740400,0.278178,
4004.750680,0.278309,
4004.863440,0.281350,
4004.873720,0.281481,
4004.986480,0.284521,
4004.996760,0.284652,
4005.109520,0.287693,
4005.119800,0.287824,
4005.232560,0.290864,
4005.242840,0.290995,
4005.355600,0.294034,
4005.365880,0.294165,
4005.478640,0.297205,
4005.488920,0.297336,
4005.601680,0.300375,
4005.611960,0.300506,
4005.724720,0.303546,
4005.735000,0.303677,
4005.847760,0.306716,
4005.858040,0.306847,
4005.970800,0.309885,
4005.981080,0.310016,
4006.093840,0.313055,
4006.104120,0.313186,
4006.216880,0.316225,
4006.227160,0.316356,
4006.339920,0.319394,
4006.350200,0.319525,
4006.462960,0.322563,
4006.473240,0.322694,
4006.586000,0.325732,
4006.596280,0.325863,
4006.709040,0.328900,
4006.719320,0.329031,
4006.832080,0.332069,
4006.842360,0.332200,
4006.852720,0.332690,
4006.858960,0.332821,
4006.863000,0.332953,
4006.869240,0.333084,
4006.875480,0.333215,
4006.906320,0.333344,
6000.389000,0.222692,
6000.420800,0.222784,
6000.431080,0.222872,
6000.497320,0.223957,
6000.588160,0.224042,
6000.828000,0.226067,
6000.838280,0.226155,
6000.951040,0.228185,
6000.961320,0.228273,
6001.074080,0.230303,
6001.084360,0.230390,
6001.197120,0.232420,
6001.207400,0.232508,
6001.320160,0.234538,
6001.330440,0.234625,
6001.443200,0.236655,
6001.453480,0.236743,
6001.566240,0.238772,
6001.576520,0.238860,
6001.689280,0.240890,
6001.699560,0.240977,
6001.812320,0.243007,
6001.822600,0.243094,
6001.935360,0.245124,
6001.945640,0.245211,
6002.058400,0.247241,
6002.068680,0.247328,
6002.181440,0.249357,
6002.191720,0.249445,
6002.304480,0.251474,
6002.314760,0.251562,
6002.427520,0.253591,
6002.437800,0.253678,
6002.550560,0.255707,
6002.560840,0.255795,
6002.673600,0.257824,
6002.683880,0.257911,
6002.796640,0.259940,
6002.806920,0.260028,
6002.817280,0.260355,
6002.827560,0.260443,
6002.940320,0.262471,
6002.950600,0.262559,
6003.063360,0.264588,
6003.073640,0.264675,
6003.186400,0.266704,
6003.196680,0.266791,
6003.309440,0.268820,
6003.319720,0.268907,
6003.432480,0.270936,
6003.442760,0.271023,
6003.555520,0.273052,
6003.565800,0.273139,
6003.678560,0.275167,
6003.688840,0.275255,
6003.801600,0.277283,
6003.811880,0.277370,
6003.924640,0.279399,
6003.934920,0.279486,
6004.047680,0.281514,
6004.057960,0.281602,
6004.170720,0.283630,
6004.181000,0.283717,
6004.293760,0.285745,
6004.304040,0.285832,
6004.416800,0.287860,
6004.427080,0.287948,
6004.539840,0.289975,
6004.550120,0.290063,
6004.662880,0.292090,
6004.673160,0.292178,
6004.785920,0.294205,
6004.796200,0.294293,
6004.908960,0.296320,
6004.919240,0.296408,
6004.929600,0.296735,
6004.939880,0.296822,
6005.052640,0.298850,
6005.062920,0.298937,
6005.175680,0.300964,
6005.185960,0.301052,
6005.298720,0.303079,
6005.309000,0.303166,
6005.421760,0.305194,
6005.432040,0.305281,
6005.544800,0.307308,
6005.555080,0.307395,
6005.667840,0.309422,
6005.678120,0.309510,
6005.790880,0.311537,
6005.801160,0.311624,
6005.913920,0.313651,
6005.924200,0.313738,
6006.036960,0.315765,
6006.047240,0.315852,
6006.160000,0.317879,
6006.170280,0.317966,
6006.283040,0.319993,
6006.293320,0.320080,
6006.406080,0.322107,
6006.416360,0.322194,
6006.529120,0.324221,
6006.539400,0.324308,
6006.652160,0.326334,
6006.662440,0.326422,
6006.775200,0.328448,
6006.785480,0.328535,
6006.898240,0.330561,
6006.908520,0.330649,
6007.021280,0.332675,
6007.031560,0.332762,
6007.041920,0.333089,
6007.048160,0.333177,
6007.052200,0.333264,
6007.058440,0.333352,
6007.064680,0.333439,
6007.095520,0.333526,
8000.578200,0.250492,
8000.610000,0.250561,
8000.620280,0.250627,
8000.686520,0.251440,
8000.777360,0.251504,
8001.017200,0.253022,
8001.027480,0.253087,
8001.140240,0.254610,
8001.150520,0.254675,
8001.263280,0.256198,
8001.273560,0.256263,
8001.386320,0.257785,
8001.396600,0.257851,
8001.509360,0.259373,
8001.519640,0.259439,
8001.632400,0.260961,
8001.642680,0.261026,
8001.755440,0.262548,
8001.765720,0.262614,
8001.878480,0.264136,
8001.888760,0.264202,
8002.001520,0.265724,
8002.011800,0.265789,
8002.124560,0.267311,
8002.134840,0.267377,
8002.247600,0.268898,
8002.257880,0.268964,
8002.370640,0.270486,
8002.380920,0.270551,
8002.493680,0.272073,
8002.503960,0.272139,
8002.616720,0.273660,
8002.627000,0.273726,
8002.739760,0.275248,
8002.750040,0.275313,
8002.862800,0.276835,
8002.873080,0.276901,
8002.985840,0.278422,
8002.996120,0.278488,
8003.006480,0.278733,
8003.016760,0.278799,
8003.129520,0.280320,
8003.139800,0.280386,
8003.252560,0.281907,
8003.262840,0.281973,
8003.375600,0.283494,
8003.385880,0.283560,
8003.498640,0.285081,
8003.508920,0.285147,
8003.621680,0.286668,
8003.631960,0.286734,
8003.744720,0.288255,
8003.755000,0.288321,
8003.867760,0.289842,
8003.878040,0.289907,
8003.990800,0.291429,
8004.001080,0.291494,
8004.113840,0.293015,
8004.124120,0.293081,
8004.236880,0.294602,
8004.247160,0.294668,
8004.359920,0.296189,
8004.370200,0.296254,
8004.482960,0.297775,
8004.493240,0.297841,
8004.606000,0.299362,
8004.616280,0.299427,
8004.729040,0.300948,
8004.739320,0.301014,
8004.852080,0.302535,
8004.862360,0.302600,
8004.975120,0.304121,
8004.985400,0.304186,
8005.098160,0.305707,
8005.108440,0.305773,
8005.118800,0.306018,
8005.129080,0.306084,
8005.241840,0.307604,
8005.252120,0.307670,
8005.364880,0.309191,
8005.375160,0.309256,
8005.487920,0.310777,
8005.498200,0.310842,
8005.610960,0.312363,
8005.621240,0.312428,
8005.734000,0.313949,
8005.744280,0.314015,
8005.857040,0.315535,
8005.867320,0.315601,
8005.980080,0.317121,
8005.990360,0.317186,
8006.103120,0.318707,
8006.113400,0.318772,
8006.226160,0.320293,
8006.236440,0.320358,
8006.349200,0.321879,
8006.359480,0.321944,
8006.472240,0.323464,
8006.482520,0.323530,
8006.595280,0.325050,
8006.605560,0.325116,
8006.718320,0.326636,
8006.728600,0.326701,
8006.841360,0.328221,
8006.851640,0.328287,
8006.964400,0.329807,
8006.974680,0.329872,
8007.087440,0.331392,
8007.097720,0.331458,
8007.210480,0.332978,
8007.220760,0.333043,
8007.231120,0.333289,
8007.237360,0.333354,
8007.241400,0.333420,
8007.247640,0.333486,
8007.253880,0.333552,
8007.284720,0.333616,
